1.342275732469660277e+01
1.345040064054233220e+01
1.319475870204554013e+01
1.358922483830949979e+01
1.339703006678551311e+01
1.302238311625066736e+01
1.311381869682558765e+01
1.343299808102492676e+01
1.347989808122307487e+01
1.319324656198380730e+01
1.296006802127290136e+01
1.276469977525013633e+01
1.280178853829913521e+01
1.327877224427499492e+01
1.297445339526823460e+01
1.301734363875188194e+01
1.247704849899904467e+01
1.280786611580773560e+01
1.291546183700529760e+01
1.301195714577284690e+01
1.311547747234944694e+01
1.295657342832348924e+01
1.305296677739825562e+01
1.276608704785657444e+01
1.282242033180293284e+01
1.267704786249121263e+01
1.257437895569757558e+01
1.250793183451013313e+01
1.209828505943769095e+01
1.289057660888571810e+01
1.236384974828314398e+01
1.229261857895483523e+01
1.228084023022982940e+01
1.251569353396714313e+01
1.254282945058840859e+01
1.251078316136958790e+01
1.221936960824363361e+01
1.167286224090008062e+01
