1979  01  30786143
1979  02  28883510
1979  03  27069656
1979  04  19819841
1979  05  12342394
1979  06  5177611
1979  07  1567574
1979  08  963524
1979  09  1744269
1979  10  8316556
1979  11  16796130
1979  12  22932453
1980  01  28347256
1980  02  30302048
1980  03  26621532
1980  04  20293313
1980  05  11691050
1980  06  4909271
1980  07  1566113
1980  08  767931
1980  09  1039828
1980  10  7150544
1980  11  18660636
1980  12  22882190
1981  01  25823307
1981  02  27811013
1981  03  27949727
1981  04  20686648
1981  05  12384194
1981  06  6527719
1981  07  1842675
1981  08  853263
1981  09  1192514
1981  10  8577936
1981  11  21012299
1981  12  27094230
1982  01  29685983
1982  02  28257462
1982  03  24399524
1982  04  16948694
1982  05  9072272
1982  06  3367048
1982  07  697279
1982  08  678324
1982  09  1464234
1982  10  10020394
1982  11  20026670
1982  12  26640327
1983  01  29214049
1983  02  29885654
1983  03  24481043
1983  04  16501677
1983  05  10935331
1983  06  4131405
1983  07  1254091
1983  08  846418
1983  09  1597710
1983  10  9099037
1983  11  19155291
1983  12  26369779
1984  01  28104698
1984  02  28322107
1984  03  24721222
1984  04  18171528
1984  05  9545319
1984  06  3233170
1984  07  763577
1984  08  367165
1984  09  540469
1984  10  9470272
1984  11  19986045
1984  12  25631650
1985  01  31361797
1985  02  30227792
1985  03  27931216
1985  04  18716654
1985  05  11310891
1985  06  5587715
1985  07  1128099
1985  08  379853
1985  09  857111
1985  10  9484542
1985  11  23030269
1985  12  28215927
1986  01  29178362
1986  02  30019033
1986  03  24772624
1986  04  17338777
1986  05  10693527
1986  06  4111658
1986  07  859982
1986  08  305486
1986  09  2169203
1986  10  8702786
1986  11  19498218
1986  12  26101816
1987  01  30357236
1987  02  29266787
1987  03  27639411
1987  04  19146109
1987  05  10006105
1987  06  5736735
1987  07  1468206
1987  08  346201
1987  09  1758899
1987  10  6961331
1987  11  20593545
1987  12  26347559
1988  01  29165558
1988  02  28342939
1988  03  25249347
1988  04  16578743
1988  05  9772907
1988  06  2619867
1988  07  685470
1988  08  197853
1988  09  919794
1988  10  5577968
1988  11  18270166
1988  12  25617516
1989  01  29164098
1989  02  26800791
1989  03  22733793
1989  04  16576117
1989  05  9108149
1989  06  3828912
1989  07  1383112
1989  08  388289
1989  09  1929523
1989  10  9052363
1989  11  19290206
1989  12  27381258
1990  01  28811943
1990  02  26868367
1990  03  22072859
1990  04  15436087
1990  05  8092292
1990  06  2096752
1990  07  397736
1990  08  227468
1990  09  575417
1990  10  7579746
1990  11  18074342
1990  12  27281743
1991  01  28606448
1991  02  29464621
1991  03  24470450
1991  04  16175553
1991  05  10052382
1991  06  4460464
1991  07  640726
1991  08  567084
1991  09  603251
1991  10  7233598
1991  11  19600434
1991  12  26953397
1992  01  29342086
1992  02  27703410
1992  03  23836922
1992  04  16037951
1992  05  9140561
1992  06  3948809
1992  07  639175
1992  08  194085
1992  09  1590270
1992  10  8403187
1992  11  20077707
1992  12  27777488
1993  01  28981011
1993  02  27471467
1993  03  23974732
1993  04  16084665
1993  05  9800255
1993  06  2971636
1993  07  873389
1993  08  395742
1993  09  1622505
1993  10  10409516
1993  11  24131534
1993  12  28017927
1994  01  27545048
1994  02  28744403
1994  03  24220050
1994  04  16797952
1994  05  9963528
1994  06  3449336
1994  07  701112
1994  08  416260
1994  09  1427182
1994  10  7304475
1994  11  19983499
1994  12  26940738
1995  01  28795759
1995  02  26273655
1995  03  23016437
1995  04  18535032
1995  05  10275594
1995  06  3775082
1995  07  1254092
1995  08  855771
1995  09  2260023
1995  10  9682759
1995  11  20941386
1995  12  27647420
1996  01  29460995
1996  02  28220029
1996  03  25649162
1996  04  19248027
1996  05  10579547
1996  06  5154921
1996  07  1221807
1996  08  252123
1996  09  2532924
1996  10  10029304
1996  11  20439003
1996  12  25245452
1997  01  29140618
1997  02  28476340
1997  03  23171809
1997  04  16355573
1997  05  9061966
1997  06  3677845
1997  07  1243682
1997  08  859267
1997  09  2858572
1997  10  9096442
1997  11  20985835
1997  12  27428324
1998  01  29006443
1998  02  28356805
1998  03  25013949
1998  04  18646661
1998  05  10561327
1998  06  4311773
1998  07  1135091
1998  08  788808
1998  09  2832280
1998  10  11714149
1998  11  21782744
1998  12  27326031
1999  01  27648749
1999  02  27538914
1999  03  23947376
1999  04  16978294
1999  05  9672427
1999  06  3348695
1999  07  404410
1999  08  230029
1999  09  1488093
1999  10  9764831
1999  11  22094175
1999  12  27634387
2000  01  30356135
2000  02  28784161
2000  03  25056466
2000  04  16866875
2000  05  9609807
2000  06  3518135
2000  07  687268
2000  08  345570
2000  09  2011920
2000  10  10242801
2000  11  20830159
2000  12  26449631
2001  01  28958129
2001  02  27819333
2001  03  24392880
2001  04  16524297
2001  05  8543072
2001  06  2789018
2001  07  233545
2001  08  162840
2001  09  2458246
2001  10  11036648
2001  11  19150362
2001  12  28646070
2002  01  29740257
2002  02  25913382
2002  03  21182771
2002  04  16914263
2002  05  9489205
2002  06  3030432
2002  07  455521
2002  08  283093
2002  09  2319407
2002  10  13473124
2002  11  21441371
2002  12  29699112
2003  01  31058667
2003  02  30730266
2003  03  26065638
2003  04  17995720
2003  05  10758271
2003  06  4297589
2003  07  564555
2003  08  148039
2003  09  948759
2003  10  10434300
2003  11  20876684
2003  12  26213465
2004  01  29965990
2004  02  27499446
2004  03  23201579
2004  04  16924935
2004  05  10425131
2004  06  3756912
2004  07  547931
2004  08  197626
2004  09  1259629
2004  10  10954439
2004  11  20742796
2004  12  28179654
2005  01  28772501
2005  02  31188965
2005  03  25519076
2005  04  17289142
2005  05  8941306
2005  06  3320554
2005  07  626427
2005  08  246941
2005  09  910369
2005  10  9423456
2005  11  19037339
2005  12  27435197
2006  01  31486249
2006  02  29185465
2006  03  24857436
2006  04  17904198
2006  05  10130842
2006  06  3040362
2006  07  374634
2006  08  195355
2006  09  1399628
2006  10  11786045
2006  11  20839787
2006  12  25961860
2007  01  27455362
2007  02  27701906
2007  03  24024883
2007  04  15385685
2007  05  8738283
2007  06  2646709
2007  07  312902
2007  08  128189
2007  09  707093
2007  10  8336136
2007  11  20031265
2007  12  26620162
2008  01  32265043
2008  02  29521931
2008  03  21343392
2008  04  15029261
2008  05  8585985
2008  06  1950912
2008  07  205717
2008  08  123169
2008  09  1187445
2008  10  8698122
2008  11  19203703
2008  12  26332492
2009  01  29699644
2009  02  27640119
2009  03  23792978
2009  04  15795330
2009  05  8858910
2009  06  2001183
2009  07  183498
2009  08  140933
2009  09  677278
2009  10  11552004
2009  11  22640534
2009  12  28179526
2010  01  30520145
2010  02  30327198
2010  03  26075350
2010  04  17619540
2010  05  7579620
2010  06  1579256
2010  07  175583
2010  08  130824
2010  09  1682972
2010  10  10814049
2010  11  20443665
2010  12  28666733
2011  01  30606264
2011  02  30136850
2011  03  26014730
2011  04  15824472
2011  05  7702370
2011  06  1450344
2011  07  163525
2011  08  82734
2011  09  1514417
2011  10  9467661
2011  11  22959612
2011  12  27130246
2012  01  30761956
2012  02  31579315
2012  03  26067649
2012  04  15994708
2012  05  7547204
2012  06  1067742
2012  07  141241
2012  08  105889
2012  09  1075302
2012  10  11361603
2012  11  22509766
2012  12  29509671
2013  01  31220672
2013  02  29334246
2013  03  25052207
2013  04  17776596
2013  05  7261653
2013  06  1507765
2013  07  186193
2013  08  156351
2013  09  2362682
2013  10  12852625
2013  11  20002160
2013  12  27363959
2014  01  28662324
2014  02  28895493
2014  03  22213526
2014  04  14766790
2014  05  8264130
2014  06  2295225
2014  07  185782
2014  08  194369
2014  09  2342184
2014  10  14139501
2014  11  21181459
2014  12  27218683
2015  01  29956545
2015  02  27594080
2015  03  23398957
2015  04  17474515
2015  05  8932549
2015  06  1350137
2015  07  223182
2015  08  150449
2015  09  1718047
2015  10  12672087
2015  11  22548040
2015  12  26647246
2016  01  30449215
2016  02  26831659
2016  03  22573188
2016  04  15481583
2016  05  8544094
2016  06  1268783
2016  07  187908
2016  08  190078
2016  09  1689577
2016  10  13483733
2016  11  24034023
2016  12  27751005
2017  01  31148763
2017  02  29262032
2017  03  24557720
2017  04  17587392
2017  05  10975379
2017  06  4219653
2017  07  386819
2017  08  262492
2017  09  2142287
2017  10  12051667
2017  11  21291847
2017  12  26859281
2018  01  29337727
2018  02  28817955
2018  03  25041314
2018  04  17256934
2018  05  9307120
2018  06  2531811
2018  07  206379
2018  08  140803
2018  09  1299865
2018  10  10390912
2018  11  22053242
2018  12  27594324
