1.984000000000000000e+03 5.000000000000000000e+00
2.005000000000000000e+03 2.600000000000000000e+01
2.006000000000000000e+03 2.700000000000000000e+01
2.007000000000000000e+03 2.800000000000000000e+01
2.009000000000000000e+03 3.000000000000000000e+01
2.011000000000000000e+03 3.200000000000000000e+01
2.012000000000000000e+03 3.300000000000000000e+01
2.013000000000000000e+03 3.400000000000000000e+01
2.015000000000000000e+03 3.600000000000000000e+01
2.016000000000000000e+03 3.700000000000000000e+01
