2.254795897509731528e+00
2.410715078606295414e+00
2.306688925349553276e+00
2.158162142774324277e+00
2.239358969164430668e+00
1.881084790380627814e+00
2.234719785554677873e+00
2.226019691746039975e+00
2.142834923760689403e+00
2.259622456509334132e+00
2.192394260148757823e+00
2.096971786633289092e+00
2.068270552405643503e+00
2.131243410645557113e+00
2.104281173339258348e+00
2.016546879049082808e+00
2.161818835397157468e+00
1.993893556440446968e+00
2.270064861876351703e+00
2.370496575696972030e+00
2.029825207298320056e+00
2.014353969085105334e+00
1.963081178261693038e+00
2.212515208571708580e+00
2.268832822027758045e+00
2.158572278737346917e+00
1.884726339842352605e+00
1.944629772054187189e+00
1.949137361329889018e+00
2.073457096701175839e+00
1.940520734537131364e+00
2.199179088647197577e+00
1.918328981690830659e+00
1.505052952698227475e+00
1.811704456529067420e+00
2.041577134156153051e+00
1.620284879784636756e+00
1.456872090136344111e+00
