8.898286645186723742e-01
1.625178707914206155e+00
1.134567894198859062e+00
4.340820704280682896e-01
8.170246268834279180e-01
-8.726772498407994183e-01
7.951451900831615349e-01
7.541135843837644126e-01
3.617954467584059142e-01
9.125918059413481442e-01
5.955284609220051761e-01
1.454945424071812654e-01
1.013304495464185245e-02
3.071272551203709789e-01
1.799672595778827322e-01
-2.338074707652776918e-01
4.513278580211880775e-01
-3.406456522267149456e-01
9.618405461270375101e-01
1.435499172326098138e+00
-1.711838783013743814e-01
-2.441497290162022160e-01
-4.859637809618435611e-01
6.904233942580949579e-01
9.560299681740448419e-01
4.360163641825999248e-01
-8.555028808127329576e-01
-5.729847764543414268e-01
-5.517259682295615475e-01
3.459395826863957690e-02
-5.923639246465677299e-01
6.275272432121007382e-01
-6.970252389491593537e-01
-2.646128253194928615e+00
-1.199890560927551197e+00
-1.157591392531580887e-01
-2.102668481359265318e+00
-2.873360073722338814e+00
