8.786100283632162222e-01
1.129348368451139617e+00
8.164236380314980890e-01
2.204665456612771024e+00
3.589913496482842192e-01
3.066479754192398821e-01
-3.938328068151972783e-01
5.092435876860862409e-01
8.316683982064774217e-01
1.105727126757632073e+00
4.797475616265849396e-01
6.621262107107546424e-02
-1.193873851809997971e-01
9.682904852615661362e-01
1.192868347164489418e+00
7.438466304681433661e-01
-6.994022190017883389e-01
-3.389180630257899174e-01
4.987110762112500484e-01
4.855060775584024713e-01
-5.381055864881405526e-01
-5.405868020175084998e-03
-4.039881020586900129e-01
-5.855928487025445772e-01
-3.725171016256208500e-01
3.701093236289038635e-01
-6.972194655549135422e-01
-1.455055518659800207e-01
7.557133846051681259e-01
-3.224474583150505058e-01
-7.442460780588628921e-01
-2.405627035983234574e+00
8.064239097702489145e-01
-1.431164593218279935e+00
-1.137343041840945146e+00
2.317521472304783781e-01
-1.392723464147946011e+00
-3.007080823868388819e+00
