1.995000000000000000e+03 1.600000000000000000e+01
1.999000000000000000e+03 2.000000000000000000e+01
2.002000000000000000e+03 2.300000000000000000e+01
2.005000000000000000e+03 2.600000000000000000e+01
2.009000000000000000e+03 3.000000000000000000e+01
2.010000000000000000e+03 3.100000000000000000e+01
2.012000000000000000e+03 3.300000000000000000e+01
2.013000000000000000e+03 3.400000000000000000e+01
2.015000000000000000e+03 3.600000000000000000e+01
2.016000000000000000e+03 3.700000000000000000e+01
