1.466116084420687038e+01
1.477624256181851514e+01
1.463261907189979993e+01
1.526978231102240358e+01
1.442267075119341690e+01
1.439864664139929751e+01
1.407714602228687895e+01
1.449163222562257936e+01
1.463961598025015043e+01
1.476540108833163067e+01
1.447809439435012635e+01
1.428829369919170134e+01
1.420310861141959968e+01
1.470232160571003810e+01
1.480539641300227949e+01
1.459930830384344524e+01
1.393689841280010278e+01
1.410235031707192199e+01
1.448679810447914562e+01
1.448073738825403112e+01
1.401092894801117517e+01
1.425542286366458633e+01
1.407248503259114791e+01
1.398913365456545854e+01
1.408692932054298019e+01
1.442777358286089395e+01
1.393790023412388202e+01
1.419112112086701494e+01
1.460475480415961158e+01
1.410990985295921263e+01
1.391631636570346409e+01
1.315379008361125379e+01
1.462802948299388817e+01
1.360104043879070623e+01
1.373589611659396859e+01
1.436427160108082468e+01
1.361868381618083212e+01
1.287774001903165200e+01
