2.701978536440526657e+00
2.504302128257595239e+00
2.468624550044334232e+00
2.617750735176429533e+00
2.291200347280505145e+00
2.193261977981500355e+00
2.392662739750983203e+00
2.438049125292734320e+00
2.491030457677771093e+00
2.412737913317268834e+00
2.445353622080504774e+00
2.317379929745584377e+00
2.301242721146172787e+00
2.176212048114621656e+00
2.214188260982314915e+00
2.430940607760954109e+00
2.191569077991743164e+00
2.310912073761950847e+00
2.487189529341820915e+00
2.554130173702882534e+00
2.517959005006300988e+00
2.262832856794484204e+00
2.348880645099112208e+00
2.353056460076542233e+00
2.550596696396763008e+00
2.473476750024373061e+00
2.215906638937779061e+00
2.165999912787778037e+00
2.253400135619151090e+00
2.183358150803740738e+00
2.266604872984071761e+00
2.342121860205279571e+00
2.364178612416689251e+00
2.145209375667554763e+00
2.118132827238945470e+00
2.116197702259336566e+00
2.293734955671841824e+00
1.978210438353758205e+00
