1.826990743508395099e+01
1.791635348368558667e+01
1.766298493177993478e+01
1.765850312765450170e+01
1.763762854135973157e+01
1.728390433274405780e+01
1.767925159390719259e+01
1.787359887243157885e+01
1.815087746744906738e+01
1.762894612275217909e+01
1.746084736345166988e+01
1.761843883565764557e+01
1.700786404636007987e+01
1.740170143093803645e+01
1.732998072721186489e+01
1.714267660109418401e+01
1.719748613278311566e+01
1.672706832796871979e+01
1.725725030772509427e+01
1.757180955410200340e+01
1.744932497651804226e+01
1.722679729588713471e+01
1.743401277603451405e+01
1.727945158845788143e+01
1.748214626139912653e+01
1.693494414728631270e+01
1.677324908941830373e+01
1.651494547089382081e+01
1.719040683099651901e+01
1.772615502590989323e+01
1.619686746461191262e+01
1.673524133447680029e+01
1.650181663573772894e+01
1.781984012296868869e+01
1.709086453116697513e+01
1.681521126022613188e+01
1.679655685705798263e+01
1.641170716251367878e+01
