2.054584406223968429e+00
1.316521717067818065e+00
7.876013810697000128e-01
7.782453764429516641e-01
7.346685666383832025e-01
-3.749543519735078472e-03
8.215589039477598776e-01
1.227269190738664362e+00
1.806103014189445188e+00
7.165435557297956670e-01
3.656284497256366284e-01
6.946090347378658381e-01
-5.799983317971306729e-01
2.421581679454329339e-01
9.243738204855489471e-02
-2.985699492673238309e-01
-1.841521349854458867e-01
-1.166174337466909794e+00
-5.939123923413502232e-02
5.972679279498970262e-01
3.415748537975040189e-01
-1.229635221095810721e-01
3.096098203957496908e-01
-1.304488418551392678e-02
4.100910326864192212e-01
-7.322225018014959508e-01
-1.069769540269906116e+00
-1.608992090471692116e+00
-1.989305542148106232e-01
9.194723143838396950e-01
-2.272996856220544704e+00
-1.149112751426119239e+00
-1.636399232556988492e+00
1.115044940274705132e+00
-4.067304026011773210e-01
-9.821712755446467824e-01
-1.021113334917571613e+00
-1.824507553403474924e+00
