2.325624795083542917e+00
1.058312624201160013e+00
8.295820968059443024e-01
1.785636646523740767e+00
-3.078922919619075937e-01
-9.357794968636781174e-01
3.425875809103710590e-01
6.335617002711048107e-01
9.732273588002021691e-01
4.712904040089487823e-01
6.803911513239900843e-01
-1.400538341935380071e-01
-2.435101902154298004e-01
-1.045087349184581127e+00
-8.016201736442909453e-01
5.879886808715458768e-01
-9.466327533591145649e-01
-1.815195441531596843e-01
9.486029978439259880e-01
1.377762421091720979e+00
1.145867463339368619e+00
-4.897575245447238768e-01
6.189864119788004299e-02
8.866997518201788497e-02
1.355109142247044707e+00
8.606897648720693850e-01
-7.906035767870654984e-01
-1.110557799145561075e+00
-5.502311160062659523e-01
-9.992733696837238222e-01
-4.655749623979756890e-01
1.856777316428284696e-02
1.599745843493012021e-01
-1.243846849537746380e+00
-1.417435795656738717e+00
-1.429841967244839473e+00
-2.916428057825095621e-01
-2.314484401725285245e+00
