1.984000000000000000e+03 5.000000000000000000e+00
1.992000000000000000e+03 1.300000000000000000e+01
1.993000000000000000e+03 1.400000000000000000e+01
1.995000000000000000e+03 1.600000000000000000e+01
2.005000000000000000e+03 2.600000000000000000e+01
2.006000000000000000e+03 2.700000000000000000e+01
2.007000000000000000e+03 2.800000000000000000e+01
2.008000000000000000e+03 2.900000000000000000e+01
2.012000000000000000e+03 3.300000000000000000e+01
2.013000000000000000e+03 3.400000000000000000e+01
2.014000000000000000e+03 3.500000000000000000e+01
2.016000000000000000e+03 3.700000000000000000e+01
