8.969871871216179571e-01
1.169863947808496230e+00
1.080422201533493665e+00
5.230787205675440088e-01
2.331878006247908586e-01
1.127141954270820978e+00
3.380447659704133856e-01
-1.806265992432933842e-01
-1.190817663466345655e+00
-1.819230229122205333e+00
-1.417742249039875002e+00
-3.283083281716472901e-01
-4.562775829380665282e-01
4.981060075962033817e-01
6.375368107606392831e-01
6.650399333952986547e-01
5.264672585308043384e-01
8.910957161540218607e-02
9.451139590385840283e-02
-5.188362244390235523e-01
2.719181126407586024e-01
-3.866135358236758024e-01
-8.172476120580898229e-01
8.922106894525072551e-02
5.762198644350701171e-01
-2.421228244489734005e-01
-1.056957340351209140e+00
-3.516485378722913890e-01
6.106235625918994270e-01
2.222559380453515143e-01
-1.629832763273192930e-01
-3.138794549184431570e-01
-1.076253523657100697e+00
-1.054359924003405391e+00
-1.216075507180239601e+00
-2.488486655006029169e-01
3.414026223516649500e-02
-3.972613796438269618e-01
-2.670433347006794800e-01
1.028071682679147392e+00
1.340844888267698209e+00
1.350747548653953301e+00
7.983320429856683997e-01
8.768985525804280645e-02
-9.747769474999774808e-02
1.751236635867286229e-01
6.831324413636190584e-01
1.693521874260655924e+00
-3.518310376556089691e-01
2.315715750808252926e-01
-5.027480513485917957e-01
2.811351318424169521e-01
-3.345391334752295665e-01
7.583957726187464665e-01
1.364303101558116182e+00
5.384101316163572015e-01
-1.432750230287047344e-01
3.660867576293228703e-02
3.645760123778272188e-01
-6.992222896768328644e-01
-1.305942003557177378e+00
-1.462422822940858458e+00
-2.681922692563678545e-01
2.742601194781364438e-01
2.209318249423291580e-01
-8.390526528554649588e-02
-8.611248741056835021e-01
-4.089749484744228392e-01
-9.250655063458266270e-01
-1.102253731009362747e+00
-3.679933983572311607e-01
-6.879786545919133189e-01
-2.785925818732811199e-01
-5.146769242596255234e-01
8.840996480354599285e-01
1.127149092563934030e+00
1.724131708333133117e+00
-3.719123228102764189e-01
-1.118166933247579875e+00
-1.146889949496868955e+00
-1.016617341500089866e+00
-1.190366811771223832e+00
-2.168889190498901887e-01
-1.545573317146780257e+00
6.845235630535773108e-01
4.004158444620830593e-01
7.225432191259961723e-01
-1.087145468028768991e-01
-4.233956305358632100e-01
-2.541018008729962196e-01
4.216690127550009604e-01
5.225866394996475650e-01
7.765995376505682168e-01
9.236630055221027868e-01
1.398590135632505893e+00
-2.535745904067440160e-01
1.487273501109273699e+00
1.777657617671203560e+00
8.150842229288050023e-01
1.035194962875007452e+00
5.308593599460531554e-01
1.173871351076221314e+00
6.769809350850947149e-01
-2.779782006549980644e-01
6.288801217364498042e-01
-1.910487034306012633e-01
4.988249081357711695e-02
2.600516376676906272e-01
-8.491163600384809065e-03
-6.379897271754833010e-01
1.053034545421757562e+00
3.683038369635685538e-01
-3.151887054705429514e-01
-9.291429055505774359e-01
-7.308195491015440082e-01
-1.382427322382957235e-01
3.686385009629852827e-01
2.598896586655323193e-01
6.046626819057300262e-01
7.088423790033192562e-01
1.246696137782738356e+00
-4.923349182125509871e-01
-1.116283998596586668e+00
-1.591060173284062129e+00
-1.762349588491800789e+00
5.409414108431957746e-02
-3.247050756376308467e-01
3.835398230270229414e-01
-9.116758517583975485e-02
1.652650118281346892e-01
-3.384061270806587585e-01
-4.888224080952635608e-02
2.740988906448825757e-01
7.337803557762485884e-02
4.505211866590465020e-01
-1.066295791741381116e+00
-1.069243016286018033e+00
-2.553130134175906285e+00
-1.367830026407591104e+00
-1.545443741878176791e+00
-1.247764781752041419e+00
2.719923436802877681e-02
1.589671669490249073e-01
-5.218215301058560796e-01
-2.125211532203195031e+00
-8.974122891127702673e-01
-6.013876349938594990e-01
-3.034014139072339078e-01
-2.860776590572117195e-01
-4.089930928021325851e-01
-1.066501542280021253e+00
-1.770916290440394669e-01
-3.916969188152160108e-01
9.738862482494338446e-02
-4.357198580003109889e-01
-6.892104872553571626e-01
4.669219821919279867e-01
-2.013525376714078441e-01
-5.328573468425403803e-01
-5.650949106474192352e-01
-6.611010536089221290e-01
9.217934870240515610e-02
1.171790604161648375e+00
8.075377149801076238e-01
1.681602139150226938e+00
1.292473557248392080e+00
1.372052279050193890e+00
8.502493952791017051e-01
8.016726036401682076e-02
-1.386639758757377827e-01
-5.594004919449501179e-01
6.683231330210034349e-01
-6.516743960268207569e-01
-6.168374409467010100e-01
-8.104713280265821718e-01
-5.842676572582089500e-01
-6.797224657653377911e-01
5.047310515527594355e-01
1.190559937954399405e+00
1.232710263638114867e+00
-1.583225208261049011e-01
-4.775717666937672745e-01
-1.117533320130029484e+00
-2.656088215060814148e-02
3.461050006945501356e-01
-2.903695199050116416e-01
1.846975265294360236e-01
-5.525422330974782970e-02
8.897275996367240980e-01
6.061493640602730881e-01
3.403148120759385553e-01
7.122003978095443610e-01
8.116741312686272247e-02
-1.970401022900464816e-01
-1.008589816201470812e+00
-8.262181046440567611e-01
-1.536356059800181528e+00
-1.738433120343346960e+00
-1.976832966594389784e+00
-1.296724671884359470e+00
-5.807474421133079767e-01
-6.423110260161066787e-01
-8.187110540109072687e-01
-1.141086436045998465e+00
-2.466749557598115317e+00
-8.485013919924858650e-01
-1.275600089569333795e+00
-1.865630068283395504e+00
-1.275951429426235961e+00
2.090361969754827784e-02
7.188960540659534715e-01
1.517837627451278593e+00
2.116979803391441539e+00
1.583273374729625704e+00
-1.619156632612722024e+00
-5.764410621754624264e-01
-5.353514745799604624e-01
-3.554293584532800532e-01
5.036473944359909360e-01
-9.127821257300252622e-01
-6.438483801683594354e-01
1.678023041314474217e-01
2.930579096225215951e-01
6.310022160881312292e-01
9.821623333913623854e-01
3.284265602314719035e-02
3.851778459444325509e-01
6.278245987877119072e-01
6.399970514353164885e-01
1.123921394054696821e+00
4.393325172796532785e-01
-2.147928195812902341e-02
4.566309357659405488e-01
-1.250082199739289246e+00
3.607769247512692679e-01
1.294023678322474558e+00
4.550550527912304299e-01
4.611102953947635585e-01
-2.993873669119179182e-01
6.915338363637106855e-01
1.858773069607480011e-01
7.834480091265066948e-01
5.168135776526844305e-01
1.458449175002132447e+00
1.561974238387893399e+00
8.267375977292010791e-01
1.932074221044344786e-01
1.215432326560655252e+00
-1.716347996788987196e-01
1.030376792282549747e+00
7.774942451471925642e-01
-5.992228097471757886e-01
-8.121737445065684013e-02
7.401761818404065663e-01
-5.564715096183325826e-01
2.209588691927349968e-02
4.222871204166414594e-02
1.216100761980638545e-01
1.236683955873731033e+00
9.958298752785261776e-01
6.592084055182297897e-01
1.250879918985466022e+00
-2.754708000593738548e-01
1.962802098856519240e-01
7.946009017404825903e-02
3.987167214299769946e-01
1.299475091684125339e+00
8.504744177811296435e-01
1.173340823573053582e+00
-4.671863848072193570e-01
-1.008751813780581347e-01
1.749810370558050554e+00
1.319218738219069431e+00
5.525664524710671710e-01
7.102756128398706181e-01
-2.566147432639439563e-01
2.420829220229648027e-01
8.709000718172478228e-01
-1.760590679884296572e-01
-8.003875629239451950e-01
-2.398425305957314069e-01
5.591999581823976495e-01
7.074060696020647576e-01
-2.762565676096139788e-01
3.355612990539317830e-01
8.493696529221284042e-01
9.956162356059711227e-02
-4.186479926364197746e-01
5.599163772481897672e-01
7.899295172154481293e-01
1.256511863295766585e+00
-3.115193202270625794e-01
-6.115087009049189337e-01
1.551708435456242152e-01
4.570275063280392347e-01
7.574965214531090840e-01
9.762911421446499594e-01
6.766447586579251716e-01
-7.718700552841289975e-01
-5.160588847963548664e-02
-7.022708329283001705e-01
-3.352135753241608507e-01
-1.620934447340962037e-01
-1.672267134642480446e+00
-1.537335036169328095e+00
-1.336960387320269839e-01
1.095495642227300115e+00
6.023710400901846063e-01
8.724196950963694075e-01
9.252924789261889327e-01
8.334760708149029362e-01
1.025307153627999401e+00
-6.258611928943804692e-01
-1.211511180526165354e+00
-2.738790473635706602e-01
-1.445221124968760207e-01
3.116074040073701923e-01
-2.430933121276453723e-01
4.418712401957472502e-01
-7.391855930220855853e-02
5.301657121822207774e-02
5.986084685564624364e-01
2.999599952456260543e-01
-3.240529801273759336e-01
-1.608373350437422244e+00
-1.021127772051640070e+00
-1.223665321614270329e+00
-1.068740138332039846e+00
-2.722485504054348859e-01
1.864810794057346621e-01
-2.695308671327013572e-01
3.291893269370681913e-02
1.138167221534617912e+00
9.986974741509435649e-01
4.107049512390301138e-01
4.969388645643488256e-01
1.380640364282022858e+00
2.846942101703340833e-01
-1.345257985255322031e-01
-4.774396037648814262e-01
-2.832000640180592499e-01
-1.081105557554024488e+00
-3.036218510147305150e+00
-3.068935190494545662e+00
-1.961100991281023331e+00
-2.444320679560345155e+00
2.054191831833699633e-01
1.786447639863681713e+00
1.909655560151019671e+00
2.204543053362607363e+00
1.451221727052298460e+00
6.304985662158733017e-01
1.200331633960635136e+00
8.542773529683865830e-01
5.484507523756019243e-01
-2.282608968294951024e-01
-7.535188534699370777e-01
8.882570783766697842e-01
1.833857369154936023e+00
4.225669692406068267e-01
1.948921666719625467e-01
-2.574474449544989607e+00
-2.795745359851153466e+00
-2.424919680336417915e+00
-1.368970356061075755e+00
2.199951199801377211e+00
2.498259652143935750e+00
1.401401298465529299e+00
8.009700945063850108e-01
-4.034852489768927519e-01
-1.398141916319102160e-02
-6.144991080966781538e-02
-4.045765894817494046e-01
-1.182389163116322583e+00
2.873918035091164169e-01
7.775762314795741093e-01
4.786538824165155748e-01
-4.040512544167201847e-01
1.616101922645247005e-02
3.788340908393798001e-01
-4.870085619244701181e-01
-3.197029780502760321e-01
-1.322547321775205065e+00
-2.207146235969493109e+00
-1.843243723950075852e+00
-4.386531163919968890e-01
-6.533237245461377407e-01
-1.996024657093526111e-01
-1.368970044454863866e-01
1.049879673439475108e-01
-1.673681845417391567e-01
-2.881418041230255911e-01
-8.634924552915399509e-01
-1.166303142330687992e+00
1.059074638728822570e+00
2.180068865608854711e+00
2.348158336965258108e+00
2.166421754197893179e+00
2.604858501517836711e+00
2.758026339374704428e+00
3.088512592233624954e+00
2.606472390219616297e+00
-1.221791538168474522e+00
-1.943280815441126963e+00
-2.858128528357911868e+00
-2.090099296970156395e+00
-2.220596711053289540e-01
-7.380426547815738259e-01
8.733034042709050815e-02
4.595308221480270960e-01
1.342536541832045183e+00
8.430958334298183088e-01
1.045790231916583046e+00
6.695513383220145220e-01
-5.086492519376094590e-01
2.974687767703843577e-01
5.601645369141911024e-01
6.759411985654470989e-01
-8.143668866278224241e-03
-2.627595414137600671e-01
1.401964758856438786e-01
8.279029832081573337e-02
-4.005254880140600438e-02
8.346595859818677354e-01
-4.738404460088682102e-01
3.850043850246460120e-01
-2.100776069277086600e-01
1.312367667657299286e+00
5.073562834627405316e-01
2.754778036608383496e-01
9.312921507580883551e-01
1.653944643060165864e+00
-1.082425261777644615e-01
1.010559864995186574e+00
-6.737837305272839084e-01
4.504756200125719090e-01
-2.959453629716869982e-01
-1.155649756972948028e+00
8.589000312483007216e-01
-8.942771482602877020e-01
-5.500136561550900138e-01
9.542845205270741871e-02
1.277737283184310901e-01
-4.422794898287872312e-01
-5.358480091371544685e-01
-1.440475651149494496e+00
-3.488376052188836285e-01
1.423755858715328171e-01
-7.127087543067640585e-01
-1.744255631594856970e+00
-5.425768527526514395e-01
-1.109277571709706312e+00
-3.084333964914749426e-01
-2.173163396110818990e+00
-3.675403712502766318e+00
-2.524939948661855116e+00
