1.825409179550805838e+00
2.200019630833853324e+00
2.219809279779575650e+00
1.806256405167377954e+00
2.086335316107244875e+00
2.484232242440423732e+00
1.513838661581904166e+00
-1.207569493041683178e-01
-1.505755594885766158e+00
-2.016783908061551833e-01
1.726433582321150462e-01
8.898286645186745947e-01
1.107873622028726190e+00
9.427129755197007910e-01
7.986334471242381161e-01
3.481785600750176846e-01
3.729842930305741766e-01
9.957687809801418766e-01
1.081549166045549182e+00
1.401222964779352376e+00
1.433503835395909087e+00
4.097576305556250853e-01
9.062350881662507573e-01
1.625178707914208598e+00
1.156493420171273545e+00
-7.541549301219913071e-02
1.382196576954758171e+00
1.259301229814127510e+00
2.408362355993732162e+00
1.447324021781948966e+00
1.409215384867830378e+00
1.307632668489664196e+00
1.146506793131596424e+00
4.144841475785190354e-01
-5.386701126296783437e-01
1.134567894198861282e+00
2.199374925750976484e+00
1.601678325563937078e+00
9.910900765872544538e-01
1.167692717061053820e+00
6.563323489830041879e-01
1.249757853101582494e+00
1.645343731726444991e+00
1.266231330260962240e+00
1.645771017404977776e+00
1.460650577855553411e+00
1.209729695156767981e+00
4.340820704280704545e-01
-4.657083252820654051e-01
9.384319169478387568e-02
-5.604677220114500091e-01
-5.214519375122397132e-02
3.845409715918613608e-03
-1.939543410614787966e-01
3.909270855431011826e-01
3.138795178452860601e-01
-3.435304532034660907e-01
-2.235286776125024188e-01
2.175765191073284754e-01
8.170246268834301384e-01
-9.308920534384600154e-02
-1.387491251975355500e+00
-9.073671644472982578e-01
1.271315257443227931e-01
-5.803572500235020248e-01
-8.799586699772624643e-01
-9.337153477261127543e-01
-7.336069076835057823e-01
-6.489871127492697900e-01
-4.796419455449520419e-01
-9.491165195529902010e-02
-8.726772498407974199e-01
-1.341772456309680284e-01
8.707919153714587246e-01
3.664676028711116168e-02
9.584571979926261864e-01
8.021207580209858135e-01
1.971350554608783667e-01
-5.620371706589388089e-02
-1.000075680487528818e+00
-8.585424817263986874e-01
-1.117720995439961396e+00
2.445553620739402551e-02
7.951451900831637554e-01
8.816264996155852574e-01
7.070332245935825322e-01
6.704979055503433594e-02
8.481152392798587680e-01
8.332821231293938702e-01
7.651244426338541516e-01
9.002516583189150712e-01
4.947076645372479042e-01
1.260427849192816918e+00
5.586102595254370806e-01
-2.105377088333642566e-01
7.541135843837666330e-01
6.890381755657952467e-02
1.344562555485858679e+00
1.100095835691207169e+00
1.559031873010318314e+00
9.421173923024370733e-01
1.052942198147886144e+00
1.268094458791509505e+00
3.493336286800958201e-01
2.333293870518927948e-01
7.146254983705926378e-01
3.526944388836074640e-01
3.617954467584080236e-01
5.937696013615333390e-01
4.230844578697025016e-01
2.473737788238170587e-01
7.565067265267827468e-01
4.207668360989301748e-01
1.047158524437408478e-01
3.083891742734877206e-01
3.067015022582998407e-01
1.165749928192128193e+00
1.278563348989753878e+00
1.266493691305701219e+00
9.125918059413503647e-01
1.273675701110823733e+00
6.978596428510720484e-01
-1.871325497625634660e-01
-5.489922915515633717e-01
-9.700138461482996632e-01
-3.004641272442882746e-02
2.357624848415778296e-01
1.575551807754645539e+00
1.530093211547349563e+00
6.259289731845711913e-01
-2.953379133649304822e-01
5.955284609220073966e-01
9.147553988883165565e-02
-6.544953968995476101e-01
3.336430209852423445e-01
-9.895651833157499411e-01
-1.311762381472732608e+00
-1.097775074371944992e+00
-4.649850053124924276e-01
5.916978626048434720e-01
4.935147094238422349e-01
1.635822872028773745e-01
6.110698832609978703e-01
1.454945424071833748e-01
-3.651283168092853693e-01
-6.492523795083229299e-01
4.903269851293365900e-01
-5.141377450502286894e-01
-7.581864826285958370e-02
-6.153329170805878906e-03
-3.056645431111922329e-01
1.246406906364629030e+00
-7.291079027295144233e-02
5.919176480977811350e-01
2.330269978581440415e-01
1.013304495464394800e-02
-3.833732522811086341e-01
-4.378327438038501218e-01
-2.163561959904889864e+00
-4.280029258303437167e-01
-1.884107840058530714e+00
-1.010265856004184837e+00
1.487220029538478538e-01
2.456645838815061100e-01
3.803004828043342611e-01
1.150176900852635686e+00
8.350818571578949578e-01
3.071272551203730883e-01
-8.629521683238010610e-01
-6.579731358397645780e-01
-6.529065752113238918e-01
1.774228341271810727e-01
-3.245225895727378851e-01
-1.376039610658433554e-01
4.805298018955001527e-01
3.053688494195269665e-01
5.298326813304105043e-01
1.477707523886075291e+00
7.866300522484671598e-01
1.799672595778848694e-01
5.302077939006952789e-01
6.497857401169577773e-01
3.689103359127736126e-01
5.597324986018767379e-03
2.053467678941963415e-01
-4.889140543233089220e-02
-5.150669043146367115e-02
-7.498505725595933091e-01
-4.394317437721411146e-01
-2.530827374309071454e-01
8.380535726035186483e-01
-2.338074707652756101e-01
-6.135051891571866589e-01
-1.014447442611456696e+00
-8.837271403226097943e-01
-3.113761964943928096e+00
-1.650548541880001441e+00
-1.348903346975913520e+00
-1.675218533733628057e+00
-1.441926492792661163e+00
-6.486044427791539668e-01
-7.599495270886297282e-01
2.245899347736422524e-01
4.513278580211902424e-01
-5.466200455762404431e-01
5.402682385389194764e-01
-6.765465993360123553e-01
-2.332580687778179340e-01
2.434368972438566425e-01
-5.918685113838050016e-02
4.734191131678023856e-01
5.634259139029041963e-01
2.989600451223209943e-01
5.133966393591270494e-01
-9.694524567002794635e-01
-3.406456522267128917e-01
7.224175381413336927e-01
1.356629879831660723e+00
3.336430209852423445e-01
1.227483875702764404e+00
4.988582746567221671e-01
3.410359258215714950e-01
1.648311784850392536e-02
-2.218318185512680174e-01
6.375021757130319190e-03
-6.525797912273625379e-01
8.896582639071505261e-01
9.618405461270397305e-01
4.961704157281900951e-01
1.251215901053813306e+00
1.988988714668295410e+00
1.632100369924414096e+00
1.701783148536577306e+00
1.914402484303896923e+00
1.552404434723989146e+00
1.426358341149502440e+00
1.373091276013164164e+00
1.858609549126539529e+00
1.146767307377670519e+00
1.435499172326100359e+00
1.044980969703894980e+00
1.248219636953980416e+00
7.302002236884370667e-01
1.041347178770727133e+00
1.615407563303480343e+00
1.534596704743645512e+00
8.684225268660588082e-01
1.825433920701432511e+00
1.891381773603930949e-01
9.985806698564445583e-01
1.271811123248075548e-01
-1.711838783013722998e-01
-3.687408567201521103e-01
-3.403165896695177772e-01
-6.429892351690582597e-01
-2.076992598942717927e-01
-6.246627169888493425e-01
-5.432364281703623288e-01
-1.953790646651492879e-01
-2.228583650508698388e-01
-1.140664453061926951e-02
-2.731340891563803219e-01
-8.184543339306310505e-01
-2.441497290162001621e-01
-5.369373317910229870e-01
-8.683509223656007969e-02
8.540460086649549476e-01
3.424872443934178778e-01
-3.073087458064658467e-02
-4.220042309717070284e-01
-4.697427548987798129e-01
-2.858046685218535998e-01
-8.938193301306336380e-01
-7.825295988108564860e-01
3.721087827426935446e-01
-4.859637809618415072e-01
-2.121656662634180679e-01
7.129169787681781389e-02
3.928841025178509971e-01
-3.083996208182491761e-01
2.217286913624431366e-01
5.224093013115554962e-01
2.612566222468922228e-01
1.474667897694901253e-01
7.906010975769374172e-01
9.076345394598100969e-01
9.062350881662507573e-01
6.904233942580971783e-01
1.425011086345120193e+00
8.005947398423828298e-01
1.542349744887675511e+00
8.763796308516276223e-01
1.025607995113862803e+00
1.451523032929890045e+00
1.482732837481883781e+00
1.704851106788104476e+00
1.984430330657108499e+00
6.807835640109863862e-01
6.657717812797250279e-01
9.560299681740470623e-01
7.827468553501276682e-01
7.551071273276969142e-01
7.870061563213925915e-01
-1.940253851171072500e-03
7.917410119830411985e-02
-2.786027599117658071e-01
-2.841581464086756492e-01
-2.331662276105587739e-01
-3.787336975319979121e-02
4.569284895488267551e-01
7.115978507638378581e-01
4.360163641826020897e-01
-5.408719750159800554e-01
-1.304319129381472653e+00
-1.166234936301750874e-01
9.593678022631590974e-02
3.677167282421783256e-01
-2.911845459998854344e-02
-1.043864439871530631e-01
-4.727811343769585672e-01
-7.712118864548938024e-01
-3.944725632936335602e-02
-2.275726335694562216e-02
-8.555028808127309592e-01
-1.665856968134282523e+00
-9.933950344082406181e-01
-3.112151894251371509e-01
-1.219939159474032753e+00
-1.451780790271910426e+00
-8.201629456699711662e-01
-1.437964853496158435e+00
-1.010398705943461373e+00
3.188286311374212700e-01
1.236465776474726441e+00
2.385248293190912194e-01
-5.729847764543394284e-01
-6.889194362101247471e-01
-6.840536836138483290e-02
-8.443597576168931917e-01
-7.618946126576142674e-01
-4.419390814787277910e-01
-6.175268775389961551e-01
-1.076799720035217067e+00
-8.011110810293331497e-01
-8.582553064800374498e-01
-1.218662434563947405e+00
-5.857176571802928944e-01
-5.517259682295595491e-01
-1.000467452350283892e+00
-9.526009717461787485e-01
-7.204199147872759612e-01
-2.893239397645143707e-01
-1.959861827671508794e-01
6.203696658454848079e-01
1.163294664979815513e-01
-2.469154572372599110e-01
-6.755883366756270103e-01
-3.277988342540950062e-01
4.238776505407529371e-01
3.459395826864167245e-02
4.130255129611450915e-01
-1.153862405467440233e+00
-3.270722632485071890e-01
-4.975011689325378184e-01
5.618801159540421503e-02
4.885807965714332179e-01
4.759935531862419800e-01
6.440331649427225025e-02
3.373326426808218037e-01
-1.880680228771298035e+00
-1.406272843576066744e+00
-5.923639246465657315e-01
4.098962113050214073e-01
-6.644114805807432855e-01
4.912885395181292303e-01
6.570201533075198386e-02
-6.327510206231796719e-01
-1.154923522954277582e+00
-2.865858211829257467e-03
-1.208181278129462743e+00
-1.159929940341257043e-01
-6.954895633938336097e-01
-5.164334323919596015e-01
6.275272432121029587e-01
1.306095840666385288e-01
4.784881540655820387e-01
-2.762005496932913862e-01
-1.281420388891360007e-01
-2.598518771480552436e-01
-9.306174221656894341e-01
-1.060474508562836204e+00
-7.230062423048940756e-01
-1.278742719092484492e+00
-1.390144827510978009e+00
-9.451841025414195463e-02
-6.970252389491573553e-01
-9.849240140679489386e-01
-1.313297598060335636e+00
-1.001387770047652559e+00
-6.904267258299857657e-01
-1.917525159418944913e-01
-5.363595420127320601e-01
-2.115288869832943952e+00
-1.667204142849451953e+00
-1.995620882817177755e+00
-2.007778898848381566e+00
-2.600602883152991041e+00
-2.646128253194926838e+00
-2.468132737126027099e+00
-1.294040930238022469e+00
-9.046999636309654286e-03
-1.997828630425982077e-01
-8.508244620427215521e-01
-8.138813417622448032e-01
-9.883909955433710648e-01
-1.608871693218812515e+00
-2.320161026263209525e+00
-7.632846696715630541e-01
-1.044771580928356203e+00
-1.199890560927549199e+00
-1.046461002255538064e+00
-1.185531672140779147e+00
-1.659742087394058929e+00
-7.178964411812595037e-01
-2.679557154146401388e-01
-7.415995735980468462e-01
1.126780867773365252e-01
7.039199405567404533e-01
5.179264484906032258e-03
7.132956351861641231e-01
9.220474277489985049e-01
-1.157591392531560071e-01
-1.181060720828285560e-01
2.155753625426925779e-01
-1.029643777717394126e+00
-1.655402799228590904e+00
-9.249173912130758124e-01
-1.521588000799669160e+00
-1.202454690388206293e+00
-1.598041400960722669e+00
-8.232656333221635148e-01
-1.332058220328151910e+00
-1.473065886174478534e+00
-2.102668481359263541e+00
-2.057531014115200563e+00
-2.014838281993378111e+00
-2.185771649720425813e+00
-1.736916472199986350e+00
-1.871111286639860483e+00
-1.947558010439871312e+00
-2.317143626225262487e+00
-1.493869797626125262e+00
-8.232656333221635148e-01
-1.812508972332694590e+00
-3.410546584703356920e+00
-2.873360073722337038e+00
