1.399940636505922820e+00
1.155365189027412365e+00
8.253347265996139326e-01
1.132213749006395265e+00
1.993344615764932604e+00
3.759745698173347250e+00
2.796395561361938231e+00
2.767725717988644973e+00
1.653456478592908896e+00
1.599140533077684223e+00
1.111219854247853744e+00
2.068995295508823329e+00
1.740407251604897843e+00
1.944406001608697476e+00
1.818469591134262542e+00
6.040468353706773819e-01
7.189233586706285373e-02
1.127757634135162723e+00
1.035058883288315634e+00
9.121146855084479865e-01
6.725548825772070805e-01
1.945188455821947604e-01
-7.727702855502782903e-04
7.840156933082739199e-01
6.956485733932341597e-01
1.376646443828704935e+00
1.397340908839878715e+00
7.389206275614399466e-01
3.578577192417380926e-01
3.041251802680485783e-01
8.069353413321258550e-01
6.400594672242304606e-01
1.396425731818806470e+00
9.718680666703507498e-01
3.929374400241535392e-01
1.023296828845383866e+00
1.385552802494478764e+00
7.570137044798113113e-01
-7.088215412814102834e-02
-2.773670044547343339e-01
4.437224928818705449e-01
3.882371031870481271e-01
5.683872383921859672e-01
7.095615400511288140e-01
5.874132787521886279e-01
5.054170285642669569e-01
3.266488273349624910e-02
7.246708396719705458e-01
9.305984272291876191e-01
5.806422306527452282e-01
5.393476530651644119e-01
1.087266258363837279e+00
1.147778042513891483e+00
1.243810298836261596e+00
1.239894582618796148e+00
9.026987409679714247e-01
1.047364328012140300e+00
1.162474185980644004e+00
1.406246381354305353e+00
2.049478520195611608e+00
5.891487757626585609e-01
9.982033811903590070e-01
2.915460730848103976e-01
3.389871617732729270e-01
-4.499827679694503590e-01
7.656110803468091364e-01
1.616208089833014228e+00
1.126743359994373916e+00
9.485808285237924409e-01
1.009425225230230705e+00
1.106538156651455385e+00
2.881404017768606218e-01
-1.653893208141110349e-01
-3.439970515779733340e-01
4.371638596724930492e-01
3.259866453463934333e-01
8.686195686007257277e-02
9.368392995909408105e-02
-9.174741448563261681e-02
4.716226203352484880e-01
4.484352589108117071e-01
2.639870771319187126e-01
4.944596573140666584e-01
2.381887987672143825e-01
5.207718323243377689e-01
3.151708402141126797e-01
1.350558591068702352e+00
1.167193528756085730e+00
1.530546179198512213e+00
-1.486271228270539257e-01
-3.299575623626667120e-01
-5.177783347523189778e-02
3.247002724807854790e-01
1.407852916724521564e-01
5.491077290944068601e-01
-4.302843072452317563e-01
1.160229637664155655e+00
9.496008953307718548e-01
1.164789379259424829e+00
-6.685275984393727888e-02
-5.189874928832916012e-01
-7.640153802028383512e-02
7.735169065755133078e-01
9.386527562566845395e-01
1.228793694101756317e+00
1.321656088490540837e+00
1.708617504353326266e+00
4.315270339212323170e-01
1.683086841060831063e+00
1.934152565339933405e+00
1.191597773462241605e+00
1.063493817793863983e+00
3.994358687510828898e-01
1.011290525321397960e+00
9.178688766257457887e-01
3.758564385807355301e-01
1.074428617794751295e+00
5.905195839854823214e-01
6.316664578305035693e-01
7.392190077916958035e-01
5.347179707943645610e-01
4.523171841740390026e-02
1.340055428458658326e+00
3.947428189735880388e-01
-4.047703903374295087e-01
-6.377763963685199045e-01
-1.795842872672233081e-01
4.043456447345809557e-01
8.587013606465698778e-01
7.865351425453724898e-01
9.908853969801201256e-01
1.000754933045814310e+00
1.386537677793367340e+00
9.673968906664864864e-02
-5.254051494373594977e-01
-1.558127915695053600e+00
-1.784154668265210075e+00
1.052144853063145535e-01
7.736823911096493700e-02
6.730760906452768477e-01
5.341448210600541202e-01
6.594773154120022740e-01
2.199863829710568541e-01
4.033787953755245681e-01
6.185583983022202581e-01
4.664814643711506226e-01
7.347708824364941327e-01
-1.042924980936171142e+00
-1.115612569262404374e+00
-1.934650006345618900e+00
-7.477906722433095288e-01
-5.992995504462101941e-01
-1.703955819837101593e-01
5.066943696052498280e-01
5.358921677225820801e-01
8.739865702082513094e-03
-1.186769199975777456e+00
-3.278234290950194918e-01
-1.958660682407064035e-01
-2.911310649340564938e-01
-3.608972394923223859e-01
-2.918814920436514360e-01
-5.690792671587319163e-01
2.017760619421734014e-01
2.226386448772032789e-01
4.772366879482665136e-01
2.784508917101719688e-02
-1.683793584106653141e-01
6.371302003968092320e-01
1.406683832031109527e-01
-1.891450098182960449e-01
-5.573031943299129320e-01
-7.144010196484007480e-01
7.747604382769757159e-02
1.055915269900591147e+00
7.615567217574165104e-01
1.279470393376027193e+00
1.113923531017783075e+00
1.332438824589488924e+00
8.695983032697153225e-01
2.951109309837831041e-01
1.293215685824155581e-01
-2.619622710896338802e-01
6.619734308292555269e-01
-7.000417084630934372e-01
-4.911466135760936269e-01
-4.704741298027546037e-01
-1.730271669059908757e-01
-8.204879165346420922e-02
5.764127778630339094e-01
1.136144619891114038e+00
1.083914334052181294e+00
6.089355863326192941e-02
-1.862724956196143145e-01
-7.795068206464720317e-01
-3.458954145525834634e-02
2.600282143804142354e-01
-2.571971408830712180e-01
2.263108166485703621e-01
1.002502453844221347e-01
7.000169847693099578e-01
5.654483470555932145e-01
4.352805097696126335e-01
6.554101562936116565e-01
1.742102683669587426e-01
-3.258254041556232772e-02
-7.389761146039626194e-01
-8.352485802341987897e-01
-1.535875369652464739e+00
-1.398632092908452806e+00
-1.433934008852897346e+00
-7.397990958816077489e-01
-1.756916701023561456e-01
-2.448919130836731128e-01
-4.985567892920448330e-01
-7.218910711241649514e-01
-1.739167606045960213e+00
-5.849654642865395049e-01
-1.012967885612096053e+00
-1.874112844515240406e+00
-1.281366441065971307e+00
-5.411037483063468878e-02
5.326173926936667025e-01
9.706914554349150848e-01
1.221661981731107405e+00
1.002039662004593712e+00
-1.161847444122954931e+00
-3.778788304958396460e-01
-3.956820692101718495e-01
-2.702560617851756941e-01
4.249371173964309745e-01
-9.335930184326355352e-01
-6.711958897057768159e-01
4.066054386130641546e-02
1.683713590306664676e-01
3.536459373459432398e-01
5.289988034760503277e-01
1.287757037763203813e-02
2.910513814881388051e-01
4.214757936327598320e-01
3.980876941758773047e-01
7.916528250090713037e-01
3.205200706048428883e-01
-5.422053009910060561e-02
3.871430008553598534e-01
-1.077383525066924808e+00
1.726523186421859424e-01
7.111911165190513140e-01
1.677406362372491910e-01
1.954679021043457809e-01
-2.848082427511157699e-01
4.088741824419407367e-01
7.088017083668421425e-03
4.748726750797195306e-01
3.347293342819895323e-01
1.409973331341404235e+00
1.450136023128099305e+00
5.132094783119817150e-01
1.249128350955089166e-03
6.023906854595564297e-01
-2.478232903968153322e-01
4.615554239460528119e-01
4.683330404889111676e-01
-5.679647056044607734e-01
-2.479276808580018476e-01
3.832508362142072467e-01
-6.137909744522838107e-01
-2.326685747093120565e-02
1.298740501175272557e-03
-5.239872782494943426e-02
7.341042308668196403e-01
4.049187724430258761e-01
1.314550736829264155e-01
5.211110494414931127e-01
-3.854820148103473287e-01
-5.960609762046858995e-02
-1.919146982847519667e-01
6.572364077162211327e-02
8.882804176622963732e-01
7.935879927351403573e-01
1.088948785586103973e+00
-5.278423317434948192e-01
-3.109014466764621898e-01
8.196613799386723853e-01
4.175724689668803835e-01
3.655869338198502322e-02
2.988983154031357170e-01
-4.399755677709474289e-01
-1.344872594256728005e-01
3.646078885996736907e-01
-3.967609803209504737e-01
-8.527745362404013374e-01
-2.579239118894486871e-01
2.485922331939146024e-01
2.463391222081296739e-01
-5.137628354129646358e-01
-1.926580093633403767e-01
1.412979599066158942e-01
-2.212410101793051143e-01
-6.132820911396232866e-01
3.579221021185807067e-02
2.444256954782700608e-01
7.511148364366865282e-01
-3.732357464638011435e-01
-6.082153140491499688e-01
-8.364392283446550613e-02
1.310444282396663537e-02
7.690812514220604634e-02
8.294507995192354488e-02
-3.200954131844795797e-02
-9.380902455513945304e-01
-4.099425990694992583e-01
-9.427449209975509170e-01
-6.668160296541992826e-01
-4.862999528632514501e-01
-1.731359093715171937e+00
-1.488757837901306669e+00
-3.266213991576656372e-01
4.435497347976249394e-01
-8.001897619436440512e-02
-4.750820935777727572e-02
4.421284673827952094e-02
2.137742967704731045e-01
2.987503525248070835e-01
-9.480021976854597909e-01
-1.389533744046912656e+00
-6.304309513820159916e-01
-2.196577017112580910e-01
2.857520015533560609e-01
-4.304975398445293755e-01
-9.077869558507771497e-02
-5.646677593397465555e-01
-5.681652296209185327e-01
-2.202666952667972633e-01
-2.481196728211494396e-01
-7.198080561246136266e-01
-1.723190505462633526e+00
-1.304139625551797854e+00
-1.475632301963245352e+00
-1.144072517360034791e+00
-2.675743319275336596e-01
-1.166334351005173381e-01
-6.682483176178474205e-01
-5.568656645731767663e-01
-5.020437655002849692e-02
-5.436328415148037468e-02
-2.239226157129255990e-01
-1.933040850413756950e-01
3.892763628323523961e-01
-3.736952073443357558e-01
-6.150707874568253075e-01
-5.627634473919482794e-01
-2.727139829870449117e-01
-1.118186282139746357e+00
-2.780349104647938496e+00
-2.566773109193063451e+00
-1.814149279909135437e+00
-2.164284335486481137e+00
-4.381688162220319094e-01
6.667346725365256299e-01
7.131038807706528981e-01
1.021932677803078837e+00
6.609523835044927020e-01
5.318442704292911660e-01
1.152150630805062193e+00
3.627833704947056592e-01
-1.500478857179185221e-01
-8.398626502102700675e-01
-1.229422377544292067e+00
-2.618096132430307033e-01
7.311185447123912384e-01
-3.621608314184483479e-01
-5.944966886019099617e-01
-2.657464764967209625e+00
-2.942666461740623518e+00
-2.509996990009321749e+00
-1.300960375084638132e+00
1.386687791266026926e+00
1.259543305559230220e+00
1.255316033414321797e-01
-4.555154067031537690e-01
-1.097780720390851172e+00
-7.224239113714000515e-01
-7.646858408162681142e-01
-1.091178121123083988e+00
-1.661667728704640190e+00
-4.139289242097783372e-01
6.656315111191146716e-01
4.722881360144851048e-01
-6.506795666765627928e-01
-6.400618663713421030e-01
-5.768656321958365307e-01
-1.231702583011415442e+00
-1.119188923174156747e+00
-1.769088257741721959e+00
-2.350151876973625154e+00
-2.198031970703460569e+00
-1.157056610004292940e+00
-1.251541699454425061e+00
-3.114016953163087909e-01
-1.113656633255057787e-01
-2.752247330643772250e-01
-8.233817730017944925e-01
-1.055657713442387680e+00
-1.510820700311994003e+00
-1.691554207742489435e+00
-3.152832354903257334e-02
7.151280376713862186e-01
7.886789647876524256e-01
7.576948498978230973e-01
1.423638326599806936e+00
2.620942255532328513e+00
2.980224146623266179e+00
1.644512669522928183e+00
-1.656976923913852762e+00
-2.155832708804322095e+00
-2.672372172019106262e+00
-2.309633680331005134e+00
-1.057495700144450046e+00
-1.420216392191755217e+00
-9.159595009023653311e-01
-5.942759280981799730e-01
3.169699981984141490e-01
7.122178549953790405e-01
1.030973679561470346e+00
1.241794468802799312e-01
-1.170774280307633308e+00
-8.061706545320889150e-01
-8.820695000717497791e-01
-7.426529495940711323e-01
-9.554567166456114924e-01
-1.139820683923962408e+00
-9.383350150225802100e-01
-9.385318685530076310e-01
-8.903136670282973952e-01
6.976661936218410132e-01
-4.177537097389511511e-01
-1.154497862793302243e-01
-9.941213391948009459e-01
-2.273557088512636881e-01
-9.846762952273990788e-01
-1.050823422189629097e+00
-3.060174471656368356e-01
1.667152506464325556e-01
-1.179786362443805414e+00
-2.944979390846724221e-01
-1.471103708059099180e+00
3.097952410655895328e-01
-2.421944834090092036e-01
-1.328648799520504964e+00
-2.422251891529890455e-01
-1.674332035229708415e+00
-1.635104704167737344e+00
-1.228468345845688425e+00
-9.716265439678086757e-01
-1.383531786989165457e+00
-1.551507795615018503e+00
-2.210228675377598595e+00
-1.249865469259821449e+00
-2.483504005562747839e-03
-6.356374030295891542e-01
-1.803944685835793482e+00
-1.334956676300107725e+00
-1.868910072307947701e+00
-1.577171442346079644e+00
-2.642913573916481518e+00
-3.900460111226991877e+00
-2.924122915019862212e+00
