1.047891396591017932e+00
1.545006712105854607e+00
1.659056948550194033e+00
1.117653069543070865e+00
1.514033076526041244e+00
1.889649077866714988e+00
6.560132924702328783e-01
-1.125514822897591749e+00
-2.468195053409897977e+00
-1.069513924764638135e+00
-7.089126962683709454e-01
-2.945368729455734025e-01
2.361787935949404282e-01
1.247949698413413633e-01
1.310505011259546493e-01
-5.085221648159541363e-01
-3.349392997617737233e-01
2.162087864293255335e-01
1.900452392668539880e-01
6.904675806778167724e-01
8.290297905948085244e-01
-3.402083311875995220e-01
1.724374101148502814e-01
7.627528606161977365e-01
3.592435418552388793e-01
-1.014572856383531008e+00
8.190771600525041940e-01
5.920649987951331905e-01
1.954911695482232092e+00
7.938313683568001267e-01
6.576118728605300223e-01
6.353534243258879277e-01
5.546195364053784216e-01
-2.893014293772577794e-01
-1.418255176231545178e+00
1.904820330774402160e-01
1.695395581696884202e+00
1.010799346121072695e+00
4.297066073264975139e-01
5.385878835174875423e-01
6.323538433565825678e-02
6.182585798026418722e-01
1.012732771763219519e+00
6.406826824830349487e-01
1.150641735374419827e+00
9.261025993984770555e-01
6.146452757090060670e-01
-6.607569500620593672e-01
-1.492497597373567908e+00
-7.035838669761603770e-01
-1.242423717773728287e+00
-8.133920303428794352e-01
-6.144789566780760603e-01
-1.003255451217083039e+00
-4.631417767604933400e-01
-4.090188389392935275e-01
-1.008308788884484830e+00
-9.114584696754897131e-01
-4.622883428806526807e-01
-7.189109710247054696e-02
-9.741249972556124126e-01
-2.386849871128167155e+00
-1.582927906477238578e+00
-5.551016692769357164e-01
-1.216803328043225108e+00
-1.745577935100748324e+00
-2.025282152244416434e+00
-1.568901921139997713e+00
-1.303154807416536221e+00
-1.152212350511419459e+00
-7.679741871993478464e-01
-2.238006861952020365e+00
-9.605117524981210408e-01
3.209570252136434432e-01
-4.964598994925814024e-01
4.536454618562259511e-01
3.522065649096405293e-01
-4.421239697005930891e-01
-8.822817339858991526e-01
-1.824237844775396411e+00
-1.491833068279001973e+00
-1.820065337146598017e+00
-5.836134906990440019e-01
5.873536545081997629e-02
3.426030229100995861e-01
1.847933680579170179e-01
-4.198949404089912796e-01
3.786076320221209990e-01
4.292812510876483634e-01
2.706007036564384571e-01
3.576937087557922057e-01
-3.975355033873405330e-02
8.972887272296873329e-01
9.996419956775574878e-02
-8.013622060304681494e-01
8.405013146853011763e-02
-5.852462976465445665e-01
9.895050846517783327e-01
7.649889351904352042e-01
1.248773483710662324e+00
5.921126196298210909e-01
6.582336871951643964e-01
8.746135241979060559e-01
-1.548418114016381075e-01
-1.964526092678442193e-01
3.200361964182942276e-01
-1.133271116703667009e-01
-3.575689974680857919e-01
1.188807087217017555e-01
-3.637551675617581304e-02
-1.346502234501471273e-01
3.770875537664361010e-01
5.918076746087347351e-02
-3.883530008855355931e-01
-2.392356148057805110e-01
-1.509380088138687070e-01
8.790963469478980663e-01
9.962312046778734054e-01
9.725129266734058309e-01
4.544099633603927435e-01
1.012170624159056898e+00
3.423889332084664727e-01
-5.719948306254728498e-01
-1.073481519094776848e+00
-1.433654466092455948e+00
-4.910525045925709930e-01
-2.633914693435760457e-01
1.371878590637307660e+00
1.325753989141825295e+00
3.121030254091800571e-01
-7.508615368922255673e-01
1.128203266814330752e-01
-3.664739258080094153e-01
-1.189428975393783450e+00
4.662662782464176148e-02
-1.528589032881001675e+00
-1.768294837461462210e+00
-1.676301374840676761e+00
-1.059135120240986661e+00
2.856924077556786679e-01
2.215177512555766004e-01
-1.592529475361119107e-01
3.265910697174020938e-01
-4.055152485797704487e-01
-8.598267570532850401e-01
-1.127150198571158501e+00
2.627821946667072694e-01
-9.294526188876898187e-01
-3.610676360545065355e-01
-3.559901049857429056e-01
-7.983655410170015232e-01
1.097232211703639271e+00
-3.622344583836987764e-01
3.653166931111950233e-01
-5.348278510192183005e-02
-5.055848049425066826e-01
-8.183429024307836697e-01
-8.227780700850853002e-01
-2.627862041907404578e+00
-7.783612178748268162e-01
-2.314857485818305083e+00
-1.467423233632958013e+00
-1.751348091498802217e-01
-8.513495442696070170e-03
1.828047086202507499e-01
1.035162116710133917e+00
6.786062618373077671e-01
-3.096243259082167437e-02
-1.339727339746932255e+00
-1.025145330451080694e+00
-9.150300752262769954e-01
-2.960701797866456195e-02
-5.503104981702362508e-01
-4.011777566022859398e-01
2.975193691869061352e-01
1.139127147271959128e-01
3.916552153351193777e-01
1.447015866473845946e+00
6.725348720338917285e-01
-1.201304630386883232e-01
4.237954226037907168e-01
5.665524094657506948e-01
2.574411455626934297e-01
-1.754075512447212104e-01
7.736793849742479301e-02
-2.445726094562309105e-01
-2.909785625982188040e-01
-1.054926451810318078e+00
-6.380608093763653343e-01
-4.426637950462675719e-01
7.797967004330403906e-01
-5.902699293626866295e-01
-9.078913632550128510e-01
-1.331473973995431104e+00
-1.084263451842405468e+00
-3.713586327672379284e+00
-1.928981941397965638e+00
-1.699346854314264466e+00
-2.220497803390515390e+00
-1.803185594951608461e+00
-8.263154345149132940e-01
-9.638003959117472652e-01
1.325798707741350224e-01
4.002738571003362500e-01
-7.625412767764913058e-01
5.502013646159067406e-01
-8.122891035358394962e-01
-3.463971428847902878e-01
2.047630556058450402e-01
-1.491802031446554100e-01
4.839623223626562387e-01
5.726218179503630434e-01
2.659986649056235719e-01
5.056270735912919978e-01
-1.173446914159233856e+00
-5.725715581244128494e-01
8.495411969245612038e-01
1.564898644872421363e+00
3.473293409872785786e-01
1.386758333194040960e+00
5.294343429045325067e-01
3.688797552792361656e-01
-1.228165616214962723e-02
-2.835572207022633573e-01
-1.459777739308402988e-02
-7.524999896605109040e-01
9.850824056415165009e-01
1.238561746815363129e+00
6.372439718652908036e-01
1.497243565437498924e+00
2.220101589614759785e+00
1.904396951464758070e+00
1.900206728943444112e+00
2.248174225836769402e+00
1.939513628154908131e+00
1.678597447554522004e+00
1.541739307466242881e+00
2.101035003764238240e+00
1.325745248862139514e+00
1.948008390470626239e+00
1.370585717347695631e+00
1.549847747304656354e+00
8.715976769040382210e-01
1.276443791762274849e+00
1.847513521542911707e+00
1.861143258230093300e+00
1.164364930781870644e+00
2.194071569918064846e+00
2.743516629806501128e-01
1.185006452366856866e+00
2.176820963216583305e-01
-1.077578440073331811e-01
-2.905357576397547548e-01
-2.592949889026108234e-01
-6.033647608113816840e-01
-1.091528273749499123e-01
-5.829887337959942517e-01
-4.961606395476708675e-01
-7.735680859603355497e-02
-1.249096376353870941e-01
9.564855025056717697e-02
-1.913530485854033347e-01
-8.064656714377707036e-01
-1.248904252469428960e-01
-4.320060545047372802e-01
9.446633398562778727e-02
1.094411538462302769e+00
5.760253584567865959e-01
1.154185562584624236e-01
-3.018219604016051383e-01
-3.493277453820771150e-01
-1.445329999770270379e-01
-8.379180443749452145e-01
-7.153171646379266058e-01
5.934313107478214055e-01
-3.664578797066634364e-01
2.798841594587779188e-02
3.362618050680525883e-01
6.276019268904849957e-01
-1.211369037453028236e-01
4.368198247716289506e-01
8.476791299599887308e-01
6.136960398800507255e-01
4.105455856665283787e-01
1.070134220724471508e+00
1.220179757819593647e+00
1.248438640073127326e+00
1.277063226442023636e+00
2.089233262063022512e+00
1.248734554363351013e+00
1.941175715004951341e+00
1.294407340490479230e+00
1.367021795065042511e+00
1.979427394945960428e+00
2.179224856390410636e+00
2.267532122713074028e+00
2.435076307043384070e+00
1.012145820872820456e+00
1.024482788884009565e+00
1.709964809877703606e+00
1.369358340179944511e+00
1.251445236964637386e+00
1.149178455703424140e+00
3.354876619266334847e-01
3.647722587979966291e-01
2.557892938679771563e-02
7.382340083266097919e-02
7.626748284520901144e-02
2.395905837753347922e-01
8.074617825109228209e-01
1.125392927120905773e+00
1.098611472369457331e+00
-1.818295040202624613e-01
-1.110618323053705003e+00
1.932661793401808659e-01
5.000934234768016351e-01
7.260114065424153607e-01
3.687324414350363067e-01
3.597154204474110606e-01
-1.479672382295538213e-01
-5.289430885136621185e-01
2.980558539431470422e-01
3.409948665120530187e-01
-5.382355894729317081e-01
-1.490666484417757731e+00
-6.894076885968247748e-01
2.112256786183297833e-02
-9.624186653969553085e-01
-1.240153113012992359e+00
-4.954713464596872674e-01
-1.213401968068487990e+00
-7.173381578901054656e-01
7.210994471379774673e-01
1.770353492391328443e+00
6.863930644854779883e-01
-8.285501506701946350e-02
-2.349719295617479498e-01
4.528410221393024404e-01
-5.252564864949001988e-01
-3.832885845420530013e-01
-8.255620537448890572e-02
-2.066772729453799085e-01
-7.046850434849804001e-01
-4.216697652672734553e-01
-5.386836758665595193e-01
-9.292523594620306637e-01
-2.000044155041124649e-01
2.525684946872840814e-02
-5.513437954995257240e-01
-5.292623359484094347e-01
-3.452961840882958766e-01
2.125599184666952246e-01
2.316613094476351054e-01
1.283361106816029773e+00
8.260220932080382106e-01
2.734589331028784431e-01
-2.931512397776943613e-01
1.124981565140214385e-01
9.945399019936067564e-01
8.844541239576948488e-01
1.236987030422328271e+00
-7.094618532807843714e-01
1.324667920731993076e-01
2.492143073023229266e-02
5.527475104966101949e-01
1.184111725057438891e+00
1.332895121887709422e+00
6.872962114428938785e-01
8.715159229413712572e-01
-1.578250811441003210e+00
-1.033308596224205234e+00
1.309492828686667221e-01
1.296913296282095729e+00
-7.862435148467826485e-02
1.080038172909761229e+00
7.250807856448263644e-01
-1.652121432047631566e-01
-6.692272029440036185e-01
8.097202722924872198e-01
-7.332876481893251253e-01
4.129711925165837627e-01
-2.073953540301288756e-01
2.534308595719409959e-02
1.832296371179252814e+00
1.019903180467820469e+00
1.319495054438484694e+00
2.746153095637772767e-01
5.539386485749439037e-01
2.891616946528599019e-01
-3.552887295724803662e-01
-4.243940166830066918e-01
-1.180961657203785792e-01
-8.309432055069375656e-01
-9.385096369511328751e-01
5.530190066514282243e-01
1.515411697100141897e-01
-2.774022614456971847e-01
-7.283040301725967058e-01
-4.840471806852954528e-01
-4.124951452718439437e-02
4.070181599453528420e-01
1.558499771490336472e-01
-1.655075782246055116e+00
-1.158354113379066241e+00
-1.581254403878686432e+00
-1.583501853139354543e+00
-2.241843495325296587e+00
-2.359373420287902867e+00
-2.023303901059469556e+00
-6.495703729195063669e-01
6.558411927159422117e-01
5.753998005304455932e-01
-2.779664264127783557e-01
-1.124977688869006065e-01
-2.057276328773069707e-01
-1.037516692113967132e+00
-1.897226839815516763e+00
-1.463354844754519435e-01
-4.274595628752772547e-01
-3.571640595978894384e-01
-2.249942523199865430e-01
-4.660359923784174185e-01
-1.125875227612315399e+00
3.104908989570446740e-02
4.082265375793402984e-01
2.504223439781048596e-02
1.211892255534353424e+00
1.694356013699785501e+00
7.203573231490838502e-01
1.550340400675686015e+00
1.853291405583222584e+00
1.163729691329426608e+00
9.714252280402425610e-01
1.235271502527391707e+00
-3.864087049036141752e-01
-9.959895380664811615e-01
-2.744281828836254711e-01
-8.263328653659176570e-01
-3.385663947324882295e-01
-9.184157667143550974e-01
-1.534641003490178901e-01
-6.910718927791056343e-01
-8.156469150099315835e-01
-1.397437482577595480e+00
-1.331100581358310109e+00
-1.327566083905048044e+00
-1.621431842995671779e+00
-1.037848291218212982e+00
-1.276412746320767511e+00
-1.266929597204289104e+00
-1.642798488504642496e+00
-7.444890508740342749e-01
-1.101535787874083072e-01
-1.182671119897483081e+00
-2.965288032617430680e+00
-2.341994740110733719e+00
