2.589363814665169627e+00
2.790709421710139360e+00
2.725862372946270540e+00
2.765648163216295696e+00
2.703203020677790835e+00
2.504491547643051597e+00
1.837589187056889672e+00
7.619864354169643139e-01
2.681518547891805215e-01
1.014828355329054688e+00
1.813244778872375562e+00
2.254795897509731528e+00
2.473120714506964912e+00
2.536129037645089568e+00
2.503656632620729905e+00
2.483432651913661804e+00
2.329439238940518742e+00
2.181388674182120457e+00
1.702839791165773331e+00
1.099976528160020228e+00
9.159223722510920762e-01
1.226546664529639452e+00
2.057269008178630898e+00
2.410715078606295414e+00
2.480997280352249756e+00
2.329977630229172370e+00
2.594898739551581457e+00
2.659783284333809394e+00
2.773452515748274561e+00
2.279408410377908645e+00
1.804976959651551471e+00
1.079192684280024128e+00
8.526723506088119686e-01
1.228183287426449111e+00
1.576631258791129531e+00
2.306688925349553276e+00
2.649947485029054750e+00
2.669556830451853102e+00
2.533747890048380746e+00
2.642052171174590569e+00
2.391250998185574073e+00
2.236522442094436069e+00
1.878580765481921100e+00
1.069998579930735216e+00
9.627030071666766720e-01
1.590433105923175106e+00
2.158224395961035658e+00
2.158162142774324277e+00
2.218195307687996998e+00
2.364249254241440390e+00
2.291156479912078936e+00
2.405948741673254787e+00
2.248912398173117388e+00
1.923133789660176785e+00
1.487565283925417647e+00
8.585073017450969290e-01
5.242895654242160086e-01
1.007262386664198317e+00
1.828191484928961552e+00
2.239358969164430668e+00
2.278560820206180004e+00
2.064307557437088825e+00
2.236917556301231791e+00
2.440648309482605693e+00
2.121469864527513405e+00
1.774221857578300865e+00
1.074659651246786529e+00
6.258892291703624933e-01
4.569713095473571518e-01
9.185795708730578601e-01
1.724244450087490055e+00
1.881084790380627814e+00
2.271904423694076414e+00
2.521566408045129215e+00
2.384517387513743536e+00
2.601553984335445602e+00
2.423054421046143325e+00
2.008028119328508332e+00
1.348189689195508079e+00
5.667138061573767649e-01
4.107883192332874578e-01
6.976357388770135781e-01
1.763951121942243905e+00
2.234719785554677873e+00
2.436467942897988515e+00
2.488408426882765312e+00
2.389271006097449135e+00
2.580196954324276870e+00
2.429852204751959732e+00
2.131322380721298870e+00
1.646327361659666089e+00
8.986642850964666751e-01
8.777789133961302337e-01
1.278088977747237065e+00
1.685782239751606904e+00
2.226019691746039975e+00
2.304804218165402485e+00
2.617495838633351113e+00
2.550791316234558792e+00
2.717797084493650761e+00
2.453594380899532634e+00
2.193799388889457358e+00
1.760988013048105927e+00
8.663806896251174949e-01
6.514211800668199270e-01
1.332111445223482571e+00
1.873137529020586278e+00
2.142834923760689403e+00
2.389834186697068485e+00
2.430914270002397348e+00
2.417465283252341113e+00
2.562465841165057601e+00
2.339862896298356976e+00
1.987966551926302339e+00
1.461837308120926604e+00
8.569132608963926367e-01
8.569132608963926367e-01
1.527382845755927532e+00
2.177106547772957423e+00
2.259622456509334132e+00
2.499981191988717821e+00
2.486550953247841367e+00
2.349528721004955578e+00
2.309782437372766228e+00
2.036467129545074251e+00
1.958713516002113852e+00
1.439198769300131797e+00
1.138690193997383915e+00
9.372092819829580534e-01
1.301399027753330939e+00
1.657574036589766209e+00
2.192394260148757823e+00
2.308460910788235232e+00
2.212725101808285189e+00
2.430953776640232711e+00
2.224508181040153243e+00
1.961915433339434633e+00
1.726940141923819505e+00
1.220768060375963859e+00
9.202031541292908789e-01
7.087622841464691348e-01
1.141304994689127383e+00
1.959084338551160931e+00
2.096971786633289092e+00
2.234489597045851816e+00
2.213786711858209078e+00
2.455451854534456579e+00
2.316528643479116134e+00
2.231533858003796222e+00
1.963900021517300587e+00
1.270430002792774626e+00
1.065596117842177337e+00
5.839302481369591513e-01
1.289622128798295408e+00
1.833330980121906206e+00
2.068270552405643503e+00
2.231533858003796222e+00
2.256595116497639886e+00
2.040507169842429303e+00
2.333200306195148954e+00
1.837059522215606311e+00
1.745935891998332101e+00
1.412067292654160644e+00
8.433586314876692080e-01
6.838114964052384170e-01
1.482927235071884953e+00
2.033600376634729923e+00
2.131243410645557113e+00
2.153840509727326324e+00
2.212020926648361918e+00
2.276703346571256503e+00
2.450382348962814483e+00
2.177279636665064189e+00
1.935365846521917232e+00
1.515495437267932566e+00
8.566173151664896457e-01
7.167662429711688654e-01
1.596339313028318774e+00
2.017483217908606186e+00
2.104281173339258348e+00
2.379536966617240790e+00
2.476816913767633022e+00
2.436467942897988515e+00
2.417124986140710252e+00
2.292869479146908862e+00
1.954622806722424944e+00
1.349653804118515099e+00
6.222819556793309781e-01
5.031542998614267903e-01
9.970288784046917874e-01
2.034588897281494724e+00
2.016546879049082808e+00
2.194251733783681324e+00
2.139841744629648712e+00
2.240613755561899900e+00
1.813363273480960380e+00
1.888009972748709853e+00
1.672427371817915676e+00
8.435249431459558300e-01
4.685908311774251156e-01
4.570556445067027740e-01
8.215191342171384026e-01
1.830524449278123855e+00
2.161818835397157468e+00
2.205087345152162648e+00
2.454641728823101499e+00
2.273007147310588394e+00
2.370893780238131576e+00
2.301178757631492822e+00
1.952387959729323663e+00
1.513278957292544247e+00
9.139247279323529094e-01
6.658852334612400670e-01
1.262433126799612504e+00
1.433334483185427555e+00
1.993893556440446968e+00
2.410675571968460495e+00
2.619939239416769539e+00
2.430953776640232711e+00
2.653624936280543078e+00
2.356898372977415779e+00
2.039264885235717362e+00
1.370846976025483110e+00
7.395404726846698251e-01
6.014037011288891899e-01
8.586974131239523134e-01
2.051754841920874206e+00
2.270064861876351703e+00
2.374022800359483654e+00
2.598594938812249122e+00
2.689772781936914825e+00
2.731939719803647026e+00
2.619313805630439695e+00
2.380797794316495963e+00
1.849610563210205783e+00
1.105558407468588022e+00
9.026083127810816675e-01
1.728231988529151497e+00
2.137280391924273548e+00
2.370496575696972030e+00
2.462931899741244379e+00
2.597988253035098616e+00
2.492956862242560856e+00
2.617597598457896968e+00
2.600471160456352848e+00
2.298352815376540459e+00
1.636405870901048720e+00
1.194182173719450457e+00
6.416820728365379978e-01
1.430434911122419495e+00
1.798122076329016439e+00
2.029825207298320056e+00
2.233904353800019393e+00
2.276340259710821989e+00
2.278253956872611230e+00
2.375840767356572680e+00
2.111804723723577304e+00
1.847314631907661875e+00
1.304807200826996194e+00
7.393125047966609964e-01
5.974848775456824690e-01
9.900858162752338432e-01
1.483562967275430911e+00
2.014353969085105334e+00
2.206655976360106131e+00
2.327665381308736681e+00
2.512320577628494256e+00
2.482331080025388825e+00
2.241369657308550867e+00
1.873630676798974770e+00
1.219285017440215446e+00
7.253338532053215104e-01
4.030138090591219857e-01
8.137004672763021862e-01
1.879595576602618667e+00
1.963081178261693038e+00
2.259270045236143165e+00
2.359683011047584156e+00
2.440216323945898491e+00
2.356349898647351004e+00
2.296443159954375535e+00
2.078635860948234715e+00
1.447145572656685530e+00
8.215515884170190297e-01
7.742358525569916772e-01
1.398943536255385922e+00
2.057269008178630898e+00
2.212515208571708580e+00
2.524498017892121915e+00
2.507352831881398014e+00
2.619939239416769539e+00
2.585667615404501518e+00
2.471807673462481425e+00
2.280319895679847608e+00
1.827893159164811099e+00
1.167404030275733584e+00
1.037338650529265216e+00
1.320393200186601446e+00
1.977280547642568997e+00
2.268832822027758045e+00
2.420449118086503759e+00
2.498142466362973657e+00
2.501838665623641766e+00
2.415666064264432311e+00
2.265345187614721922e+00
1.904759037392076193e+00
1.277133783461474881e+00
7.370234105778126210e-01
5.916519918479030693e-01
1.242880236907886182e+00
1.992524273589424411e+00
2.158572278737346917e+00
2.206018551327031840e+00
2.081148310505532173e+00
2.360553054980772725e+00
2.434610469263065013e+00
2.328290131192404466e+00
1.958914949187557264e+00
1.333170602652656189e+00
6.838114964052384170e-01
4.300347267829123798e-01
1.071003163961724569e+00
1.748246109798618608e+00
1.884726339842352605e+00
2.023767313934515588e+00
2.144104451856414961e+00
2.330127972572403117e+00
2.179918579949127633e+00
1.931370723422584090e+00
1.787201800213512826e+00
9.174795277820623207e-01
5.644213446741773721e-01
6.702639841464099746e-01
1.512805970068296091e+00
1.835159795838290808e+00
1.944629772054187189e+00
2.182034379839851823e+00
2.331397045467614948e+00
2.246768981549987831e+00
2.268574529570932974e+00
2.151665485529647537e+00
1.831188298757259636e+00
1.030058676832200204e+00
6.108983993975278803e-01
4.108516085285504604e-01
6.626833479923440740e-01
1.560981217588039316e+00
1.949137361329889018e+00
2.131562585286093991e+00
2.152364463919650639e+00
2.266147403205477140e+00
2.360042056168395241e+00
2.205319572937029626e+00
2.099900256135430521e+00
1.401970182352201277e+00
7.339700829000471716e-01
4.511087822691014493e-01
9.711573805916561275e-01
1.896816133420527573e+00
2.073457096701175839e+00
2.360553054980772725e+00
2.111612899551736700e+00
2.327648664419705860e+00
2.319748704637841108e+00
2.260330822396143358e+00
2.071292659472736553e+00
1.514081438594599094e+00
8.031054638814290048e-01
6.743420022380083312e-01
4.334503895903904502e-01
1.288029194285572165e+00
1.940520734537131364e+00
2.360046097908019114e+00
2.210717285830130496e+00
2.455602196877687771e+00
2.428758436284965683e+00
2.110040277959989385e+00
1.714534847182710653e+00
1.364815687127272303e+00
5.204992473471831138e-01
5.744355498683204608e-01
8.438393019007468521e-01
1.584028137103574707e+00
2.199179088647197577e+00
2.314800753558767799e+00
2.442132451498975954e+00
2.335602632192324890e+00
2.391239315437768465e+00
2.191387411264625218e+00
1.763225290432495429e+00
1.035147425012325817e+00
6.282433468832842038e-01
3.181822285997149558e-01
6.033051611927577884e-01
1.724375259227152180e+00
1.918328981690830659e+00
2.134080672974035142e+00
2.079330343508443590e+00
2.222217110520186001e+00
2.282407361810078861e+00
2.206243138103717971e+00
1.848807407333814545e+00
7.063501735730589592e-01
4.185628294074529854e-01
1.601925886622196371e-01
3.894406901447616254e-01
8.907435440353501654e-01
1.505052952698227475e+00
1.893796023185571276e+00
2.083229447891051578e+00
2.377373010640214446e+00
2.377373010640214446e+00
2.062468033239777121e+00
1.788565356877872325e+00
1.057616649764203887e+00
4.315168703104576564e-01
8.866860731803039020e-02
8.203642942601648835e-01
1.408280095994573156e+00
1.811704456529067420e+00
2.124111480219285752e+00
2.105200482947815477e+00
2.119281143610908913e+00
2.277090512789095023e+00
2.189619576654956656e+00
1.804255662751942602e+00
1.400832007086305619e+00
9.451246068921022037e-01
6.011401734188110968e-01
1.331650961419718060e+00
2.062528873881527058e+00
2.041577134156153051e+00
2.274508006215990363e+00
2.388897674478895894e+00
2.217799186320639215e+00
2.095633235266962213e+00
2.046304822646203281e+00
1.634942469233660711e+00
9.908906389302534201e-01
4.339219818699951436e-01
4.185628294074529854e-01
6.234184646787980233e-01
1.265810949343578740e+00
1.620284879784636756e+00
1.960314841260465402e+00
1.937281865519351332e+00
2.037034608281456993e+00
2.079856009810031381e+00
1.839894691944334637e+00
1.542476555432925833e+00
6.434298232928243877e-01
4.570556445067027740e-01
4.185628294074529854e-01
4.570556445067027740e-01
6.213213579782238538e-01
1.456872090136344111e+00
