1.717221978210735145e+01
1.823953157269502157e+01
1.827064622946915406e+01
1.721859116060948480e+01
1.581470820734678995e+01
1.462552105075639552e+01
1.194509086777419427e+01
9.582190419586284591e+00
8.033984733990369165e+00
1.039410145593794077e+01
1.225421236135073677e+01
1.527916885969555061e+01
1.734272203548978197e+01
1.868528089359585564e+01
1.878171937616621179e+01
1.692712365393186502e+01
1.488760232365739000e+01
1.349491033513988469e+01
1.075714828848011528e+01
8.008956595315439131e+00
6.944852123631712892e+00
9.051158401696882905e+00
1.153045302504718528e+01
1.466116084420687038e+01
1.681951740697090614e+01
1.836453900891759261e+01
1.856500403516826481e+01
1.700155339746765648e+01
1.502558138888416117e+01
1.314110642136264850e+01
1.060328919259986158e+01
7.778301321132223833e+00
7.748593651629410495e+00
9.794373280460021647e+00
1.178670602009672486e+01
1.477624256181851514e+01
1.716501449967597281e+01
1.801449263822464530e+01
1.780944765743918623e+01
1.644071777046478999e+01
1.506701137269185509e+01
1.317723798391138779e+01
1.044239919796117810e+01
7.837226931033381305e+00
6.850316140001219800e+00
9.348404670303482433e+00
1.155221649093956771e+01
1.463261907189979993e+01
1.693717792854438642e+01
1.791485588505404181e+01
1.812347556936508042e+01
1.719378700743218502e+01
1.540672006560964924e+01
1.354476253169035083e+01
1.089530077915571482e+01
8.000973520102345304e+00
7.361017406012489772e+00
9.976609655067061766e+00
1.244623540065830802e+01
1.526978231102240358e+01
1.676618338044525913e+01
1.815074685079231642e+01
1.799595539284161916e+01
1.678085117795942338e+01
1.463579618494674506e+01
1.333934474579275786e+01
1.114910735909487016e+01
8.190924197603489887e+00
7.251334303145578808e+00
9.830281258867326954e+00
1.225116519874337229e+01
1.442267075119341690e+01
1.638831829757412351e+01
1.739250352309669623e+01
1.807089117756135010e+01
1.677367687754295034e+01
1.489482520597636039e+01
1.305070816467678974e+01
9.997167986925045824e+00
7.635496315050161797e+00
6.696003521745582887e+00
9.117576199371967505e+00
1.185278348408767890e+01
1.439864664139929751e+01
1.673194089551836683e+01
1.776488431182261252e+01
1.854092957438060552e+01
1.723789465903878337e+01
1.559140671920065202e+01
1.294661974705227792e+01
9.836505927816299177e+00
7.191744212287135340e+00
6.558615827291194300e+00
8.999784352979578017e+00
1.188835211223267585e+01
1.407714602228687895e+01
1.705217492704515081e+01
1.812329006437447632e+01
1.844533162587510589e+01
1.655688949650961916e+01
1.460250121991467509e+01
1.297764535132455421e+01
1.058074995744116364e+01
8.031456240877588471e+00
7.562465379884209860e+00
1.012880168815300230e+01
1.264303879527700758e+01
1.449163222562257936e+01
1.731401655093080905e+01
1.867948846539591301e+01
1.845912738602048009e+01
1.718066824932430592e+01
1.504564295764978255e+01
1.344488010778403364e+01
1.067810888589725238e+01
7.554303331326576831e+00
7.391067923514111015e+00
9.429770269822927986e+00
1.194208686676054398e+01
1.463961598025015043e+01
1.673892498126912898e+01
1.761238880296317078e+01
1.853552458402423397e+01
1.681161978910827770e+01
1.465761127853858881e+01
1.273649819758236745e+01
9.937925956421592488e+00
7.578457198685270235e+00
7.151537687598835014e+00
9.617178548674546690e+00
1.217589063060806431e+01
1.476540108833163067e+01
1.716550771531096942e+01
1.764148697199548010e+01
1.757554740304856011e+01
1.573393326766490219e+01
1.399205466112237417e+01
1.305566129102667716e+01
1.011122890908347749e+01
7.806293647013029080e+00
6.791170131256133224e+00
9.495699984051238829e+00
1.167413787935184288e+01
1.447809439435012635e+01
1.678091142334798036e+01
1.785036355052312373e+01
1.822404153310184327e+01
1.601824663707587248e+01
1.431462801876647184e+01
1.217940630941068036e+01
9.554696238365586680e+00
6.727541494376864328e+00
6.008891938023474211e+00
9.349625921757988678e+00
1.187975053906004419e+01
1.428829369919170134e+01
1.587682153626637138e+01
1.740164041579391707e+01
1.774513018701994582e+01
1.643312211029355296e+01
1.467878019161024383e+01
1.288508264241713341e+01
9.675229064456299710e+00
7.406713598416041933e+00
6.445292893226396203e+00
9.321461762449137822e+00
1.154907944622098093e+01
1.420310861141959968e+01
1.679021199487561589e+01
1.766630341401871362e+01
1.774858888391977274e+01
1.628623572854721147e+01
1.450821366861204353e+01
1.304374581937286237e+01
1.077121498567399804e+01
7.881309757190168241e+00
7.618733659994199492e+00
9.930190917949678564e+00
1.239819649543561830e+01
1.470232160571003810e+01
1.661893218784319615e+01
1.765989330844379879e+01
1.771111668534859263e+01
1.695909029158512737e+01
1.451514207481026197e+01
1.279948526272858444e+01
9.741733806372206317e+00
7.088945969991386598e+00
6.106986762988617201e+00
9.416282910579994336e+00
1.227043506952477436e+01
1.480539641300227949e+01
1.650163848562376856e+01
1.748160615579553578e+01
1.744478516186324768e+01
1.657469386777629339e+01
1.497837839013980776e+01
1.289998183577676905e+01
1.021168399636426116e+01
7.320637451071797308e+00
6.975344347487715702e+00
9.405799941160083222e+00
1.181426572811986730e+01
1.459930830384344524e+01
1.655838635310517049e+01
1.756842953941414720e+01
1.746564250583002575e+01
1.613285230650660651e+01
1.411185008927341222e+01
1.240966099976237302e+01
9.091923336850292969e+00
6.608422436931831179e+00
6.003011488546401431e+00
8.631042699680843810e+00
1.120646181928731977e+01
1.393689841280010278e+01
1.560018597547152197e+01
1.725637430821868890e+01
1.732464470021594138e+01
1.555955782502888951e+01
1.423465133061184673e+01
1.298722086130126208e+01
1.041827404160179071e+01
8.058619457926077700e+00
7.554546766496157417e+00
9.823220004635084379e+00
1.077474780111367991e+01
1.410235031707192199e+01
1.627299000752211100e+01
1.743416169286254558e+01
1.806459922279062624e+01
1.607858118982495910e+01
1.452906025980477445e+01
1.302793115845874006e+01
1.017260643125002595e+01
7.535472708321560020e+00
6.785456310841340155e+00
8.877493214073016503e+00
1.172039174383472826e+01
1.448679810447914562e+01
1.667050191418825023e+01
1.803406116269932724e+01
1.801086558541842919e+01
1.656386055890003206e+01
1.503971161588669325e+01
1.254765823392187407e+01
1.017549374647264671e+01
7.838608527054151232e+00
6.384337531652524156e+00
9.052065784001920079e+00
1.134558370082428169e+01
1.448073738825403112e+01
1.647469321207323034e+01
1.785510395991036958e+01
1.801817775757052686e+01
1.737187204744451208e+01
1.555260860301468817e+01
1.323092177845546757e+01
1.005988998342803953e+01
7.746364778099251502e+00
5.922920987909224166e+00
9.306469081671837174e+00
1.183577853060503671e+01
1.401092894801117517e+01
1.634698391777338244e+01
1.780334444151437978e+01
1.753006352837363480e+01
1.658094226082138789e+01
1.485354072436647144e+01
1.298795612544338418e+01
1.055416787565003567e+01
7.578943110808430639e+00
6.344048281819874013e+00
9.363409547786019971e+00
1.128005846186027483e+01
1.425542286366458633e+01
1.637503465556637750e+01
1.762396521362241586e+01
1.830303845891474879e+01
1.703172143755583789e+01
1.537833479119954205e+01
1.278372205591766431e+01
9.849358423027126719e+00
7.930572351558486055e+00
6.661735384033176999e+00
8.900134470390245411e+00
1.172549905440229523e+01
1.407248503259114791e+01
1.640379373882806036e+01
1.779281256394066801e+01
1.764174846260491591e+01
1.612318065429328229e+01
1.472846509863732578e+01
1.311725139485639247e+01
1.022519219003415891e+01
6.800061678268773058e+00
5.984173112258092786e+00
9.000274509332943040e+00
1.138695751665883549e+01
1.398913365456545854e+01
1.648906798302825649e+01
1.772491857149560701e+01
1.823245222967351609e+01
1.638781286014135574e+01
1.455944855664684212e+01
1.297453427419262795e+01
1.006788586123421503e+01
7.300847412937475411e+00
6.290185777858892102e+00
8.834577149616773539e+00
1.092038398426664614e+01
1.408692932054298019e+01
1.599902643859935125e+01
1.721013483195050142e+01
1.759567117130907832e+01
1.563833610276718744e+01
1.413458442484262179e+01
1.287015958414825789e+01
1.035820190174921684e+01
7.167800659363538607e+00
6.145338494407766916e+00
8.907452520636400806e+00
1.167009463725976381e+01
1.442777358286089395e+01
1.599639364735876867e+01
1.680185312426587174e+01
1.752150049663027787e+01
1.647256449571109371e+01
1.499079018651295314e+01
1.282553799966536090e+01
9.997821344368663432e+00
6.756903200149301014e+00
5.567233063767120349e+00
8.654586594468138827e+00
1.136946308134947259e+01
1.393790023412388202e+01
1.560818714660303819e+01
1.685009444425995184e+01
1.708655482181847418e+01
1.596242863809310997e+01
1.472380874505988579e+01
1.296036312479397345e+01
9.608343988448348583e+00
6.763518012829374371e+00
6.142344836711635558e+00
8.813204986605793323e+00
1.138521214803100357e+01
1.419112112086701494e+01
1.666608928815461255e+01
1.737572627589505103e+01
1.752940492893988988e+01
1.628322250241597757e+01
1.472132884962494082e+01
1.253013078575311212e+01
8.183826752244684144e+00
5.059467799620948725e+00
4.183769251833497904e+00
6.795933114675915654e+00
1.124576635993407869e+01
1.460475480415961158e+01
1.682825884918387516e+01
1.816415213690923025e+01
1.818605409163657072e+01
1.688727886048516780e+01
1.540882985119949034e+01
1.316630394384957725e+01
9.957846934322263976e+00
6.523586032377691524e+00
4.833013926433210372e+00
8.614867876150066550e+00
1.200681695112224645e+01
1.410990985295921263e+01
1.617342564758682855e+01
1.608556648546022672e+01
1.633161026078867550e+01
1.520864685041449071e+01
1.422519720484282502e+01
1.360613774313932112e+01
1.090855296137633523e+01
7.342071623840379146e+00
5.692312476614667105e+00
7.815605269083152784e+00
1.106075409054736802e+01
1.391631636570346409e+01
1.592469258624554129e+01
1.664811768128113556e+01
1.763291373590373112e+01
1.696110899346475165e+01
1.508079437219524443e+01
1.273095544348897867e+01
9.627354485425872355e+00
6.746561535961355993e+00
4.830482126971725521e+00
7.795137126317333021e+00
1.037951477659109223e+01
1.315379008361125379e+01
1.537039132101397065e+01
1.693318539881002849e+01
1.720187318738918236e+01
1.642193581682501957e+01
1.479917984704318634e+01
1.289223780791606622e+01
9.503713431770696829e+00
6.340629536299057456e+00
4.520566591174079107e+00
7.247905092067386867e+00
1.151043524945540319e+01
1.462802948299388817e+01
1.686610609044927500e+01
1.801487743467962233e+01
1.857853684377716519e+01
1.804014202779668352e+01
1.629088023052085887e+01
1.371689036169889597e+01
8.941490895904038894e+00
5.407873433309630329e+00
3.230851504987130696e+00
6.656966234956518846e+00
1.084266691073519517e+01
1.360104043879070623e+01
1.601244030733563406e+01
1.725111458925974972e+01
1.800903869690555226e+01
1.698681754344069006e+01
1.535036164689339699e+01
1.306380798024223644e+01
9.269412768931104551e+00
6.552150955888226491e+00
5.218693129825193289e+00
8.155138950931688058e+00
1.090908072081347413e+01
1.373589611659396859e+01
1.600123487511732989e+01
1.705663561019171937e+01
1.738776329536934284e+01
1.697878724781053350e+01
1.465134679207025492e+01
1.296087157924293010e+01
9.388557253411482506e+00
7.042884862186169492e+00
5.104764875347544972e+00
7.860500615657003642e+00
1.133177932894994377e+01
1.436427160108082468e+01
1.588031847100653238e+01
1.742046683681541452e+01
1.708888526335200098e+01
1.676474169415016746e+01
1.473605459010888197e+01
1.243972339347138956e+01
9.895677478046140507e+00
5.816101845847300389e+00
4.382569301644677395e+00
7.690656294962749939e+00
1.089855631333750985e+01
1.361868381618083212e+01
1.569416411937410061e+01
1.633822158268484159e+01
1.720273578548208704e+01
1.659241149915979818e+01
1.454621732509204612e+01
1.223555277830072896e+01
9.158679107730511859e+00
5.651133679548698829e+00
4.446894821075684234e+00
6.338321063667113009e+00
8.992275109653688148e+00
1.287774001903165200e+01
