1.414036567100715125e+00
1.641907836354135064e+00
1.402407273108789321e+00
1.874328750942105382e+00
1.417726935796579824e+00
1.321412010480274013e+00
1.230793430409628630e+00
1.481935608749421984e+00
1.602624487122034314e+00
1.852244696764442367e+00
1.479486532171548685e+00
1.550194666620144268e+00
1.561476554460100807e+00
1.758263805853307549e+00
1.806911265468462480e+00
1.515808887843093311e+00
1.326021791747631129e+00
1.347883804992520140e+00
1.455226127522413204e+00
1.932756190226712523e+00
1.614278493725717967e+00
1.236824391775332321e+00
1.346648021939460538e+00
1.728106272217008410e+00
1.648836873914585333e+00
1.617702255248655296e+00
1.409624636880171700e+00
1.673982882953293450e+00
1.111832282790191639e+00
1.433986757006091795e+00
8.607397919379813356e-01
1.213933719502160891e+00
1.163840210209954984e+00
6.400921170900558677e-01
1.114322195127368964e+00
1.697089917650622670e+00
9.446147070111883259e-01
5.391885012424633139e-01
