-1.976724644414220092e-02
7.064333912895267575e-01
-5.682852556457741733e-02
1.447133247613750395e+00
-8.006447861724635962e-03
-3.149515068730297518e-01
-6.037429409727657070e-01
1.966195209984841485e-01
5.812416838920491102e-01
1.376753799251928978e+00
1.888145836821774615e-01
4.141536204890630124e-01
4.501077544659298768e-01
1.077247050823089136e+00
1.232281146663226412e+00
3.045699307212556550e-01
-3.002606416878952911e-01
-2.305888133235915738e-01
1.114993460675318543e-01
1.633335061509120001e+00
6.183817193843490490e-01
-5.845229313407027671e-01
-2.345271178065244377e-01
9.811383126267037014e-01
7.285154708415719771e-01
6.292928702703345367e-01
-3.382758213407910386e-02
8.086530321067351146e-01
-9.828590162454614587e-01
4.381181150229922217e-02
-1.783063129666284663e+00
-6.574729827332831400e-01
-8.171154796285842181e-01
-2.486242967624772149e+00
-9.749239398618381180e-01
8.822926067152951912e-01
-1.515763013176912422e+00
-2.807811677968255371e+00
