1.174759075698364619e+01
1.211910728745841936e+01
1.184441341104761669e+01
1.256420912224925779e+01
1.216803906960137205e+01
1.178966877495298071e+01
1.165509416249971331e+01
1.242115756968419760e+01
1.200382437227787413e+01
1.218615675587141389e+01
1.188264408591773780e+01
1.183922338666990903e+01
1.169121660669657281e+01
1.234356967303177832e+01
1.216403813103568154e+01
1.193979132437446644e+01
1.125813431058942093e+01
1.156677270760689602e+01
1.169489435412896228e+01
1.162612895769341037e+01
1.171772552009601753e+01
1.163296362443696097e+01
1.156603951912789618e+01
1.145878856018574510e+01
1.128063015147546544e+01
1.166844024691901893e+01
1.132064996998049899e+01
1.146317941850127120e+01
1.088215142625653620e+01
1.157719822674384069e+01
1.093089190844466252e+01
1.044281399550655998e+01
1.112878994150555911e+01
1.036689119482747401e+01
1.093337192944637870e+01
1.118551718189592492e+01
1.073596547482703123e+01
9.402778730784151051e+00
