1.712400355495894422e+00
2.966511620787316561e-01
8.843952560176456812e-01
4.498258889552612105e-01
1.588552280377704795e+00
9.618059863656964747e-01
3.632191463203134907e-01
1.503203190125554922e-01
1.362242821034238771e+00
7.020161504558082299e-01
9.904684070861071721e-01
5.103073252280901917e-01
4.416152013406389187e-01
2.074665063119757735e-01
1.239497736285718466e+00
9.554764483255130392e-01
6.007150167645554095e-01
-4.776754479402224307e-01
1.059460232638935809e-02
2.132847516794795228e-01
1.044969796502937254e-01
2.494039599896115955e-01
1.153095133683198631e-01
9.434688398130195580e-03
-1.602377555358673877e-01
-4.420867283694791539e-01
1.714340021227870325e-01
-3.787748430631054375e-01
-1.532913592638762978e-01
-1.072485373103905015e+00
2.708791230416012982e-02
-9.953772818294812641e-01
-1.767523033580573388e+00
-6.822999606534108086e-01
-1.887633914346521280e+00
-9.914538556100868094e-01
-5.925567116456672556e-01
-1.303753493151571963e+00
-3.412872659201869219e+00
