6.944852123631712892e+00
7.748593651629410495e+00
6.850316140001219800e+00
7.361017406012489772e+00
7.251334303145578808e+00
6.696003521745582887e+00
6.558615827291194300e+00
7.562465379884209860e+00
7.391067923514111015e+00
7.151537687598835014e+00
6.791170131256133224e+00
6.008891938023474211e+00
6.445292893226396203e+00
7.618733659994199492e+00
6.106986762988617201e+00
6.975344347487715702e+00
6.003011488546401431e+00
7.554546766496157417e+00
6.785456310841340155e+00
6.384337531652524156e+00
5.922920987909224166e+00
6.344048281819874013e+00
6.661735384033176999e+00
5.984173112258092786e+00
6.290185777858892102e+00
6.145338494407766916e+00
5.567233063767120349e+00
6.142344836711635558e+00
4.183769251833497904e+00
4.833013926433210372e+00
5.692312476614667105e+00
4.830482126971725521e+00
4.520566591174079107e+00
3.230851504987130696e+00
5.218693129825193289e+00
5.104764875347544972e+00
4.382569301644677395e+00
4.446894821075684234e+00
