7.337131194767119169e-01
1.475422507910198355e+00
6.464733487780253141e-01
1.117759092379059460e+00
1.016541245204268806e+00
5.040704571430837388e-01
3.772862369897321266e-01
1.303659469921809144e+00
1.145490334553099787e+00
9.244468540269111800e-01
5.918921825119399793e-01
-1.300103944681441359e-01
2.727094779287887460e-01
1.355585008387583335e+00
-3.948645101253791395e-02
7.618519774557880320e-01
-1.354369954753352756e-01
1.296352008892732721e+00
5.866193502669361237e-01
2.164586032634844004e-01
-2.093461742071112131e-01
1.792788460742994749e-01
4.724471073719917480e-01
-1.528214406845933016e-01
1.295734078447713100e-01
-4.094676088169004434e-03
-5.375823838575498614e-01
-6.857285635679096457e-03
-1.814271545888862303e+00
-1.215135065109147927e+00
-4.221565018082659160e-01
-1.217471462277641026e+00
-1.503467960548870330e+00
-2.693643849820456015e+00
-8.592222795746902175e-01
-9.643576408946706868e-01
-1.630814727708355116e+00
-1.571453801321115895e+00
